22.660
23.371
21.449
22.019
22.371
19.284
25.000
21.989
19.917
22.599
23.188
20.465
20.687
21.427
24.587
24.156
24.020
22.336
20.642
21.129
22.786
23.044
19.688
22.104
19.730
24.209
19.176
24.411
21.585
20.222
20.408
21.170
22.977
23.441
22.056
22.869
24.803
21.534
25.880
24.412
25.805
21.609
21.869
21.985
20.264
22.992
21.899
23.915
23.046
21.938
22.328
22.880
23.560
20.002
24.130
22.786
21.599
23.431
23.829
20.315
24.088
22.616
24.122
20.609
23.296
21.672
22.600
23.351
23.378
22.055
24.995
22.231
23.038
21.139
23.983
21.703
18.115
19.975
21.197
21.851
21.099
22.840
21.932
21.286
19.368
20.607
24.015
22.065
21.640
21.291
21.184
20.368
21.596
23.091
22.318
22.775
21.984
20.715
22.321
22.578
22.881
20.957
24.479
25.507
23.110
22.366
21.223
23.808
23.249
23.923
23.129
19.901
24.398
24.306
21.842
22.028
23.462
22.655
21.354
23.560
22.103
20.314
22.483
21.886
20.522
22.795
21.348
25.924
24.414
22.071
18.740
21.456
21.800
18.212
21.773
18.586
26.966
22.122
22.402
21.488
22.814
22.415
21.722
23.548
21.218
20.196
22.541
25.369
20.936
22.510
21.270
21.408
20.710
21.492
23.150
22.714
23.011
18.567
20.496
21.454
21.949
23.268
20.867
22.493
25.022
22.383
22.614
24.053
24.000
19.628
22.207
25.169
20.091
21.393
22.175
23.753
24.749
23.012
23.364
24.953
23.623
20.338
23.039
21.375
22.206
21.794
19.754
23.500
19.834
24.771
20.663
22.959
24.447
20.737
24.774
23.246
20.351
22.172
21.946
23.018
20.913
23.259
22.551
22.189
21.476
21.243
20.805
21.191
21.022
22.188
23.262
20.031
22.083
19.862
19.039
25.977
20.805
22.836
23.057
21.263
24.042
21.571
22.393
22.164
22.759
21.795
24.402
18.061
22.121
24.412
22.074
21.605
23.871
23.098
23.635
20.053
22.390
24.243
22.427
22.745
21.597
22.679
24.646
23.294
19.137
23.393
21.417
23.086
22.186
22.721
24.086
23.477
21.791
25.341
19.894
25.999
20.892
22.393
21.244
22.450
22.408
22.426
20.868
23.385
18.416
23.033
22.920
24.301
23.798
24.328
22.675
21.226
21.845
23.551
22.540
19.837
25.806
23.124
20.128
21.665
19.988
22.560
21.962
24.561
22.286
23.337
25.696
21.357
22.869
25.807
21.358
24.559
22.765
18.443
21.742
26.422
25.971
22.165
27.097
22.048
20.411
19.843
23.678
23.698
21.555
17.576
23.157
22.697
21.858
23.931
25.242
21.789
21.195
18.330
22.979
21.261
19.372
23.813
22.382
23.792
19.864
24.459
20.911
20.264
20.725
22.915
20.155
23.223
24.255
24.959
23.696
21.212
22.269
21.085
23.778
23.541
23.557
23.821
22.232
19.076
20.596
19.672
23.067
20.904
22.066
23.754
22.629
19.133
22.455
24.396
18.788
26.052
20.787
21.150
22.952
25.862
23.047
20.920
21.966
20.570
27.014
22.734
22.922
23.066
22.570
21.281
22.899
25.636
23.149
23.569
21.005
22.779
22.965
22.415
24.243
23.186
17.496
23.752
20.216
22.979
22.601
21.119
19.477
22.507
23.093
19.680
23.346
20.048
22.323
21.132
25.380
21.264
24.815
21.816
20.407
20.877
21.589
24.449
23.031
25.369
21.197
26.633
26.405
17.703
20.281
18.036
21.330
18.694
23.366
23.049
25.633
22.876
18.872
19.535
20.506
18.728
22.737
22.483
24.162
20.523
21.997
23.803
23.660
19.427
23.035
23.094
25.093
21.266
26.492
24.474
20.795
20.405
23.240
21.583
24.232
21.257
21.891
21.328
20.868
25.159
20.923
22.330
24.176
20.446
21.104
23.014
21.982
22.990
21.479
24.231
25.764
22.521
23.832
22.323
21.008
20.380
22.888
22.488
25.478
23.164
20.459
20.221
26.053
20.187
21.436
23.319
22.430
22.818
20.084
25.444
21.024
24.051
22.649
20.757
20.284
21.113
20.170
23.905
21.255
19.698
21.531
18.963
23.226
21.306
21.792
20.779
23.136
23.914
23.477
23.042
20.321
22.944
24.791
18.787
20.713
19.727
21.852
20.661
23.226
23.928
23.048
23.501
22.694
24.871
19.858
20.681
20.412
19.184
22.584
20.233
21.670
21.647
22.626
21.814
22.464
22.090
20.861
23.928
21.731
23.969
23.156
21.925
20.387
20.789
22.928
22.407
23.714
23.319
22.378
20.925
22.653
22.230
22.897
21.057
21.530
21.900
20.883
20.583
22.291
22.262
26.065
22.558
21.206
20.924
24.302
19.267
25.287
24.094
25.815
21.465
22.766
20.258
23.240
22.707
25.800
22.998
24.839
20.128
24.474
20.910
20.651
21.201
23.351
19.028
25.116
21.268
22.693
21.477
23.215
22.059
23.486
22.384
24.983
22.289
19.613
21.474
19.419
20.072
23.258
22.888
21.140
24.059
19.808
21.254
24.492
24.124
22.795
23.269
21.080
21.825
23.171
19.169
24.164
22.140
25.157
20.584
23.147
19.692
22.349
20.815
23.729
20.783
25.117
23.122
21.360
23.866
25.616
23.465
19.816
21.216
22.772
21.930
22.548
24.131
23.606
19.710
22.588
20.637
19.422
19.318
22.853
21.789
23.910
24.937
22.723
23.185
21.116
20.428
22.280
24.771
19.738
24.811
24.758
22.322
20.796
21.730
19.408
22.694
22.183
26.294
22.812
23.054
23.462
20.265
23.217
22.855
21.958
23.833
21.922
22.500
18.291
21.411
23.599
19.098
22.677
21.263
24.126
21.359
22.104
21.469
24.178
19.668
22.296
23.776
24.762
23.652
22.281
23.877
23.395
21.866
21.590
22.516
23.798
17.896
25.420
23.785
19.766
21.666
25.234
25.353
20.206
22.782
23.982
20.654
21.102
21.065
24.262
23.023
21.818
22.999
19.695
23.079
24.767
21.427
25.013
21.427
20.921
23.057
22.155
22.092
26.126
24.125
19.411
24.598
22.791
22.496
26.420
20.785
23.651
23.603
24.091
23.839
20.430
22.869
23.824
19.230
19.213
23.481
22.864
25.880
23.797
22.263
22.379
20.373
25.026
22.215
20.690
24.829
21.272
23.434
23.730
21.354
23.337
20.726
21.262
21.404
20.989
27.164
25.760
25.327
21.754
20.099
23.824
23.856
22.636
22.783
22.806
23.638
24.068
20.474
21.519
20.960
25.573
20.568
19.694
24.417
23.425
19.887
19.755
21.267
21.625
22.726
23.715
22.776
24.948
20.072
24.842
24.327
25.190
23.940
20.631
19.569
21.822
22.037
24.940
22.294
23.057
21.716
20.746
22.569
21.259
23.758
23.083
22.224
24.422
22.844
23.088
25.152
20.955
19.804
23.253
24.045
22.593
20.945
21.009
20.685
24.246
22.290
22.267
19.972
21.734
20.868
21.056
20.480
20.870
19.374
19.653
18.297
23.939
21.680
21.734
24.316
21.429
19.664
22.104
18.431
21.846
21.862
21.400
24.835
21.403
22.659
21.471
19.376
24.410
19.895
22.180
20.218
21.924
20.715
21.306
22.450
24.610
22.240
22.654
22.151
23.862
18.990
25.205
23.498
23.244
21.115
22.538
22.844
26.629
24.845
20.596
24.205
23.795
23.412
22.169
24.487
24.311
19.784
21.635
21.853
20.835
21.627
20.354
19.693
19.302
21.940
24.228
24.205
22.356
21.931
22.287
21.683
22.817
19.460
19.707
22.428
22.241
25.530
24.098
20.300
23.986
23.838
23.211
21.957
23.356
21.755
24.781
21.755
21.477
20.764
19.450
22.292
24.467
20.622
20.945
22.110
23.593
23.002
22.168
20.105
23.994
23.209
21.442
21.152
21.404
20.405
19.524
25.196
21.424
20.962
25.543
20.682
22.675
22.260
22.800
19.318
25.566
21.137
22.686
21.593
25.380
23.113
23.323
25.624
22.017
19.744
18.537
19.959
22.383
24.105
23.783
20.426
22.341
23.006
26.039
22.106
22.713
21.720
20.838
18.384
19.620
24.750
22.888
22.377
21.954
23.423
20.421
23.763
21.809
23.262
19.830
25.725
20.056
21.262
22.657
20.786
22.284
27.026
23.354
23.727
21.624
22.313
23.217
23.121
20.711
23.695
19.844
22.224
20.479
23.691
22.694
19.198
20.697
18.415
21.506
22.618
22.062
23.418
23.595
24.073
24.969
21.198
22.606
22.711
24.414
22.662
24.958
21.428
21.450
23.659
22.510
23.392
22.139
21.756
26.562
21.098
22.161
24.389
22.330
21.629
20.470
22.290
25.823
19.697
