   0	0.9092974268256817	1.0000000000000000	0.6143002821164822
   1	0.1411200080598672	0.7500000000000000	0.4483837595622563
   2	-0.7568024953079282	0.0769230769230769	-0.3625364848065030
   3	-0.9589242746631385	-0.2656250000000000	-0.9936085710518370
   4	-0.2794154981989259	-0.3913043478260870	-0.5671591602738184
   5	0.6569865987187891	-0.4423076923076923	-0.0029792023340022
   6	0.9893582466233818	-0.4660633484162896	0.7355698057226638
   7	0.4121184852417566	-0.4784482758620690	0.8679993340139729
   8	-0.5440211108893698	-0.4854932301740812	-0.3987349078335914
   9	-0.9999902065507035	-0.4897820163487738	-0.9978882918070513
  10	-0.5365729180004349	-0.4925373134328358	-0.6678319209347167
  11	0.4201670368266409	-0.4943862275449102	-0.2019015655856854
  12	0.9906073556948704	-0.4956722446624351	0.4911497132262305
  13	0.6502878401571168	-0.4965940054495913	0.9938789718065564
  14	-0.2879033166650653	-0.4972717351764278	-0.0059992047007463
  15	-0.9613974918795568	-0.4977810650887574	-0.9738035064079029
  16	-0.7509872467716761	-0.4981711777615216	-0.7862023624123015
  17	0.1498772096629523	-0.4984749898332655	-0.3461550176837063
  18	0.9129452507276277	-0.4987150933698818	0.2628171393998383
  19	0.8366556385360561	-0.4989073426573427	0.9645747825601844
  20	-0.0088513092904039	-0.4990630855715178	0.4040452840570463
  21	-0.8462204041751706	-0.4991905892510253	-0.8425892301134731
  22	-0.9055783620066239	-0.4992959729653619	-0.8956067428082776
  23	-0.1323517500977730	-0.4993838317449885	-0.4757799612103062
  24	0.7625584504796027	-0.4994576614361125	0.0571582685238104
  25	0.9563759284045030	-0.4995201535508637	0.8193785194938736
  26	0.2709057883078690	-0.4995734031056254	0.7438916744376428
  27	-0.6636338842129675	-0.4996190572937830	-0.5875490342388080
  28	-0.9880316240928618	-0.4996584232818691	-0.9760403019839838
  29	-0.4040376453230650	-0.4996925473477085	-0.5997875789305553
  30	0.5514266812416906	-0.4997222736530272	-0.1203976177630551
  31	0.9999118601072672	-0.4997482883608538	0.6092905243009795
  32	0.5290826861200238	-0.4997711530833308	0.9493444526862952
  33	-0.4281826694961510	-0.4997913304768794	-0.2253274567982483
  34	-0.9917788534431158	-0.4998092039990842	-0.9980898146696348
  35	-0.6435381333569995	-0.4998250932835821	-0.7219795280979530
  36	0.2963685787093853	-0.4998392661966096	-0.2729442543646829
  37	0.9637953862840878	-0.4998519483595878	0.3801231914993747
  38	0.7451131604793488	-0.4998633307214316	0.9974402044906053
  39	-0.1586226688047090	-0.4998735756186367	0.1894646468517920
  40	-0.9165215479156338	-0.4998828216545582	-0.9277153523059827
  41	-0.8317747426285983	-0.4998911876505238	-0.8391420662988305
  42	0.0177019251054136	-0.4998987758627670	-0.4080800038686652
  43	0.8509035245341184	-0.4999056746151525	0.1624051494798128
  44	0.9017883476488092	-0.4999119604643792	0.9076640773122377
  45	0.1235731227452240	-0.4999176999890267	0.5768522293284905
  46	-0.7682546613236668	-0.4999229512743859	-0.7385887952931357
  47	-0.9537526527594719	-0.4999277651500559	-0.9383682676733284
  48	-0.2623748537039288	-0.4999321862256662	-0.5341622770906502
  49	0.6702291758433747	-0.4999362537610281	-0.0297536021953045
  50	0.9866275920404853	-0.4999400023999040	0.7257055001561168
  51	0.3959251501818342	-0.4999434627909782	0.8594633606467327
  52	-0.5587890488516163	-0.4999466621151671	-0.4287294378638211
  53	-0.9997551733586199	-0.4999496245348665	-0.9957016057115985
  54	-0.5215510020869119	-0.4999523715778978	-0.6572173258159583
  55	0.4361647552478249	-0.4999549224666426	-0.1946829000991631
  56	0.9928726480845371	-0.4999572944010113	0.5018485703900581
  57	0.6367380071391379	-0.4999595028024061	0.9911699860997694
  58	-0.3048106211022167	-0.4999615615246237	-0.0329235518108770
  59	-0.9661177700083929	-0.4999634830366533	-0.9786031939696357
  60	-0.7391806966492228	-0.4999652785815143	-0.7780100040175373
  61	0.1673557003028069	-0.4999669583146097	-0.3379416949725684
  62	0.9200260381967906	-0.4999685314245195	0.2753552208420951
  63	0.8268286794901034	-0.4999700062387024	0.9700784493858399
  64	-0.0265511540239668	-0.4999713903161943	0.3796098852904353
  65	-0.8555199789753223	-0.4999726905290755	-0.8547594657124090
  66	-0.8979276806892913	-0.4999739131342152	-0.8890663716783305
  67	-0.1147848137831872	-0.4999750638365784	-0.4678464255989372
  68	0.7738906815578891	-0.4999761478451963	0.0687767285378086
  69	0.9510546532543747	-0.4999771699227430	0.8306378996907324
  70	0.2538233627620363	-0.4999781344295273	0.7261742544408535
  71	-0.6767719568873076	-0.4999790453625991	-0.6072041929986037
  72	-0.9851462604682474	-0.4999799063905715	-0.9722991760589770
  73	-0.3877816354094304	-0.4999807208846800	-0.5920047159299603
  74	0.5661076368981803	-0.4999814919465290	-0.1102461440512853
  75	0.9995201585807313	-0.4999822224329193	0.6232019710665631
  76	0.5139784559875352	-0.4999829149780970	0.9411444700385925
  77	-0.4441126687075084	-0.4999835720137207	-0.2503376802611598
  78	-0.9938886539233752	-0.4999841957868075	-0.9990804626783412
  79	-0.6298879942744539	-0.4999847883758853	-0.7143384095594610
  80	0.3132287824330852	-0.4999853517055498	-0.2640535081876952
  81	0.9683644611001854	-0.4999858875596015	0.3942198219570028
  82	0.7331903200732922	-0.4999863975929180	0.9988485003923734
  83	-0.1760756199485871	-0.4999868833421944	0.1634333693762445
  84	-0.9234584470040598	-0.4999873462356738	-0.9354436937964393
  85	-0.8218178366308225	-0.4999877876019735	-0.8321087376592472
  86	0.0353983027336607	-0.4999882086780985	-0.3999815427941252
  87	0.8600694058124533	-0.4999886106167275	0.1752671570557894
  88	0.8939966636005579	-0.4999889944928442	0.9164887580540693
  89	0.1059875117511569	-0.4999893613097788	0.5550168776965634
  90	-0.7794660696158047	-0.4999897120047188	-0.7541339623333358
  91	-0.9482821412699473	-0.4999900474537405	-0.9330686117434205
  92	-0.2452519854676543	-0.4999903684764085	-0.5263989587256419
  93	0.6832617147361210	-0.4999906758399825	-0.0186066936238190
  94	0.9835877454343449	-0.4999909702632710	0.7387620744399749
  95	0.3796077390275217	-0.4999912524201637	0.8459672442204346
  96	-0.5733818719904229	-0.4999915229428725	-0.4512005391965764
  97	-0.9992068341863537	-0.4999917824249078	-0.9939315987588234
  98	-0.5063656411097588	-0.4999920314238145	-0.6495480022490001
  99	0.4520257871783506	-0.4999922704636897	-0.1851042924638405
 100	0.9948267913584063	-0.4999925000374998	0.5162148303258575
 101	0.6229886314423488	-0.4999927206092171	0.9876153864037516
 102	-0.3216224031625309	-0.4999929326157896	-0.0590133799657557
 103	-0.9705352835374847	-0.4999931364689604	-0.9825112094439853
 104	-0.7271425000808526	-0.4999933325569466	-0.7706034626730004
 105	0.1847817445606675	-0.4999935212459939	-0.3294713144570500
 106	0.9268185054177850	-0.4999937028818132	0.2890580024844469
 107	0.8167426066363169	-0.4999938777909110	0.9753451794575874
 108	-0.0442426780850710	-0.4999940462818236	0.3549171750084872
 109	-0.8645514486106083	-0.4999942086462595	-0.8660887055110187
 110	-0.8899956043668333	-0.4999943651601609	-0.8826856214016220
 111	-0.0971819058932090	-0.4999945160846892	-0.4599587857797169
 112	0.7849803886813105	-0.4999946616671400	0.0808863318786305
 113	0.9454353340247703	-0.4999948021417948	0.8418749196630937
 114	0.2366613933642860	-0.4999949377307129	0.7078581711524186
 115	-0.6896979409353891	-0.4999950686444690	-0.6262343063509471
 116	-0.9819521690440836	-0.4999951950828400	-0.9684049079651312
 117	-0.3714041014380902	-0.4999953172354457	-0.5843056551484117
 118	0.5806111842123143	-0.4999954352823460	-0.0998607308638524
 119	0.9988152247235795	-0.4999955493945990	0.6372097158608967
 120	0.4987131538963941	-0.4999956597347809	0.9322822263969286
 121	-0.4599034906895912	-0.4999957664574732	-0.2750412771672293
 122	-0.9956869868891794	-0.4999958697097177	-0.9997053982814769
 123	-0.6160404591886565	-0.4999959696314416	-0.7067488286241228
 124	0.3299908256737820	-0.4999960663558563	-0.2550543691066484
 125	0.9726300672424080	-0.4999961600098304	0.4084715200985164
 126	0.7210377105017316	-0.4999962507142389	0.9997066545442227
 127	-0.1934733920384685	-0.4999963385842917	0.1373311039159995
 128	-0.9301059501867618	-0.4999964237298400	-0.9426715484936374
 129	-0.8116033871367004	-0.4999965062556657	-0.8250531561330068
 130	0.0530835871460582	-0.4999965862617518	-0.3918455807940270
 131	0.8689657562142357	-0.4999966638435369	0.1882941101176716
 132	0.8859248164599484	-0.4999967390921546	0.9249657090343169
 133	0.0883686861040014	-0.4999968120946578	0.5327711914961242
 134	-0.7904332067228887	-0.4999968829342312	-0.7691604411704945
 135	-0.9425144545582509	-0.4999969516903893	-0.9276335311030550
 136	-0.2280522595008612	-0.4999970184391648	-0.5186361151667963
 137	0.6960801312247415	-0.4999970832532848	-0.0073184011496584
 138	0.9802396594403116	-0.4999971462023373	0.7516779326941943
 139	0.3631713653732590	-0.4999972073529280	0.8318638847437174
 140	-0.5877950071674065	-0.4999972667688288	-0.4732908605448372
 141	-0.9983453608739179	-0.4999973245111168	-0.9918828040867402
 142	-0.4910215938984693	-0.4999973806383070	-0.6418867010622882
 143	0.4677451620451334	-0.4999974352064762	-0.1754246788011015
 144	0.9964691731217737	-0.4999974882693808	0.5305948353516515
 145	0.6090440218832924	-0.4999975398785684	0.9834442901941490
 146	-0.3383333943242765	-0.4999975900834827	-0.0850047841197974
 147	-0.9746486480944947	-0.4999976389315630	-0.9859991908757841
 148	-0.7148764296291646	-0.4999976864683384	-0.7631763715353509
 149	0.2021498814156536	-0.4999977327375169	-0.3209435074475075
 150	0.9333205237488620	-0.4999977777810700	0.3028586645896885
 151	0.8064005807754863	-0.4999978216393123	0.9801368640029766
 152	-0.0619203372560573	-0.4999978643509777	0.3299812029738173
 153	-0.8733119827746476	-0.4999979059532910	-0.8769173011092035
 154	-0.8817846188147811	-0.4999979464820362	-0.8762124090467585
 155	-0.0795485428747221	-0.4999979859716210	-0.4520500106025879
 156	0.7958240965274552	-0.4999980244551381	0.0931180726608577
 157	0.9395197317131483	-0.4999980619644239	0.8528428243146131
 158	0.2194252583790047	-0.4999980985301131	0.6890237983090708
 159	-0.7024077855773710	-0.4999981341816919	-0.6448091579354804
 160	-0.9784503507933796	-0.4999981689475477	-0.9643029475156661
 161	-0.3549101758449353	-0.4999982028550164	-0.5766049766998517
 162	0.5949327780232085	-0.4999982359304279	-0.0893676130273719
 163	0.9977972794498907	-0.4999982681991488	0.6511368864276305
 164	0.4832915637282565	-0.4999982996856232	0.9227897687902221
 165	-0.4755501868718988	-0.4999983304134119	-0.2994918245621168
 166	-0.9971732887740798	-0.4999983604052291	-0.9999830310606950
 167	-0.6019998676776046	-0.4999983896829779	-0.6991500363707992
 168	0.3466494554970303	-0.4999984182677839	-0.2459805024696616
 169	0.9765908679435658	-0.4999984461800268	0.4227694311010179
 170	0.7086591401823227	-0.4999984734393716	0.9999999449603100
 171	-0.2108105329134813	-0.4999985000647972	0.1111644347605142
 172	-0.9364619742512132	-0.4999985260746242	-0.9494345555603961
 173	-0.8011345951780408	-0.4999985514865418	-0.8179428798443024
 174	0.0707522360803452	-0.4999985763176323	-0.3836710345261011
 175	0.8775897877771157	-0.4999986005843959	0.2014265066759280
 176	0.8775753358042688	-0.4999986243027737	0.9330576826154517
 177	0.0707221672389912	-0.4999986474881691	0.5101385894222665
 178	-0.8011526357338304	-0.4999986701554694	-0.7836937247957656
 179	-0.9364514001176441	-0.4999986923190658	-0.9220536390707835
 180	-0.2107810659001915	-0.4999987139928721	-0.5108620935639434
 181	0.7086804082392084	-0.4999987351903437	0.0040830994676499
 182	0.9765843832906294	-0.4999987559244949	0.7644136876403175
 183	0.3466211800942760	-0.4999987762079154	0.8171679381229427
 184	-0.6020239375552833	-0.4999987960527868	-0.4950053674355431
 185	-0.9971710233921490	-0.4999988154708977	-0.9895610631136046
 186	-0.4755236690120583	-0.4999988344736584	-0.6342218267092359
 187	0.4833179536679627	-0.4999988530721152	-0.1656541719669330
 188	0.9977992786806003	-0.4999988712769635	0.5449576445087572
 189	0.5949085484614270	-0.4999988890985613	0.9786545288931116
 190	-0.3549383576518463	-0.4999989065469408	-0.1108847527531752
 191	-0.9784565746221131	-0.4999989236318212	-0.9890790870190189
 192	-0.7023863292684921	-0.4999989403626192	-0.7557219247920350
 193	0.2194546679940636	-0.4999989567484603	-0.3123590258143417
 194	0.9395300555699313	-0.4999989727981895	0.3167373408264733
 195	0.7958058429196471	-0.4999989885203807	0.9844385107665563
 196	-0.0795785916642835	-0.4999990039233467	0.3048220986111804
 197	-0.8817988360675502	-0.4999990190151488	-0.8872540151370121
 198	-0.8732972972139946	-0.4999990338036047	-0.8696464447156402
 199	-0.0618902507187207	-0.4999990482962981	-0.4441169480733991
 200	0.8064184068658303	-0.4999990625005860	0.1054615715543172
 201	0.9333097001669604	-0.4999990764236068	0.8635221323601400
 202	0.2021203593127912	-0.4999990900722883	0.6696861922624134
 203	-0.7148975077677643	-0.4999991034533542	-0.6629273015616715
 204	-0.9746419031254100	-0.4999991165733317	-0.9599990205560419
 205	-0.3383050275409778	-0.4999991294385575	-0.5688990897111589
 206	0.6090679301910603	-0.4999991420551851	-0.0787705650969314
 207	0.9964666417661079	-0.4999991544291901	0.6649663118838034
 208	0.4677185183427590	-0.4999991665663768	0.9126701001363264
 209	-0.4910478538504630	-0.4999991784723836	-0.3236759961591654
 210	-0.9983470937967718	-0.4999991901526886	-0.9999223135431401
 211	-0.5877706198198406	-0.4999992016126148	-0.6915403093038428
 212	0.3631994513763607	-0.4999992128573352	-0.2368317820117848
 213	0.9802456219572225	-0.4999992238918780	0.4371018171556951
 214	0.6960584883449115	-0.4999992347211308	0.9997198586435254
 215	-0.2280816094135278	-0.4999992453498457	0.0849536183069210
 216	-0.9425245273294025	-0.4999992557826433	-0.9557400033920067
 217	-0.7904147414931815	-0.4999992660240168	-0.8107795387440292
 218	0.0883987124875315	-0.4999992760783368	-0.3754559972719175
 219	0.8859387978787574	-0.4999992859498543	0.2146581517357876
 220	0.8689508382163493	-0.4999992956427049	0.9407501608648485
 221	0.0530534852699353	-0.4999993051609127	0.4871372734172734
 222	-0.8116209973649744	-0.4999993145083933	-0.7977339159166098
 223	-0.9300948780045254	-0.4999993236889575	-0.9163344219456317
 224	-0.1934438171590079	-0.4999993327063145	-0.5030748426848070
 225	0.7210585970706318	-0.4999993415640751	0.0155958122695603
 226	0.9726230624856244	-0.4999993502657543	0.7769548957761548
 227	0.3299623697323973	-0.4999993588147751	0.8018879042847641
 228	-0.6160642040533645	-0.4999993672144705	-0.5163337442927015
 229	-0.9956841897581032	-0.4999993754680866	-0.9869746886620440
 230	-0.4598767232321427	-0.4999993835787854	-0.6265525380945360
 231	0.4987392818032813	-0.4999993915496468	-0.1557921813616420
 232	0.9988166912028082	-0.4999993993836716	0.5592926075896297
 233	0.5805866409896447	-0.4999994070837835	0.9732428194239493
 234	-0.3714320894369226	-0.4999994146528318	-0.1366343861949552
 235	-0.9819578697820255	-0.4999994220935931	-0.9917589897924377
 236	-0.6896761131802671	-0.4999994294087739	-0.7482416419445732
 237	0.2366906812750767	-0.4999994366010124	-0.3037160704898278
 238	0.9454451549211168	-0.4999994436728805	0.3306881001458372
 239	0.7849617132764033	-0.4999994506268860	0.9882386103097907
 240	-0.0972119075182243	-0.4999994574654740	0.2794604256254217
 241	-0.8900093488562771	-0.4999994641910292	-0.8971020801028387
 242	-0.8645362993442719	-0.4999994708058773	-0.8629923583581949
 243	-0.0442125632285597	-0.4999994773122868	-0.4361576996668864
 244	0.8167599996228085	-0.4999994837124708	0.1179147988211777
 245	0.9268071855026884	-0.4999994900085882	0.8738989869243584
 246	0.1847521192217180	-0.4999994962027458	0.6498592768614084
 247	-0.7271631934436490	-0.4999995022969989	-0.6805829036089327
 248	-0.9705280195418053	-0.4999995082933538	-0.9555006804926451
 249	-0.3215938602925038	-0.4999995141937683	-0.5611869744027851
 250	0.6230122110036530	-0.4999995200001536	-0.0680690917055609
 251	0.9948237286710673	-0.4999995257143753	0.6786864707692389
 252	0.4519988980629834	-0.4999995313382549	0.9019257550774429
 253	-0.5063916349244909	-0.4999995368735706	-0.3475781466978820
 254	-0.9992080341070627	-0.4999995423220590	-0.9995318987830740
 255	-0.5733571748155426	-0.4999995476854158	-0.6839204524542312
 256	0.3796356268293031	-0.4999995529652974	-0.2276064537022511
 257	0.9835931839466808	-0.4999995581633215	0.4514614947231606
 258	0.6832397038158508	-0.4999995632810681	0.9988586167140634
 259	-0.2452812090819428	-0.4999995683200814	0.0587196258774250
 260	-0.9482917095220488	-0.4999995732818692	-0.9615939321578909
 261	-0.7794471854988634	-0.4999995781679056	-0.8035665872079690
 262	0.1060174862671138	-0.4999995829796305	-0.3671984572596055
 263	0.8940101700837942	-0.4999995877184515	0.2279860029868351
 264	0.8600540264645697	-0.4999995923857440	0.9480301714579440
 265	0.0353681772561760	-0.4999995969828524	0.4637855291010381
 266	-0.8218350110128397	-0.4999996015110912	-0.8112799026106913
 267	-0.9234468802429867	-0.4999996059717451	-0.9104822950206002
 268	-0.1760459464712114	-0.4999996103660704	-0.4952729345208618
 269	0.7332108186087175	-0.4999996146952954	0.0272196289490032
 270	0.9683569384347241	-0.4999996189606211	0.7892888912774999
 271	0.3132001548706699	-0.4999996231632222	0.7860324538541512
 272	-0.6299114066849614	-0.4999996273042474	-0.5372649665699131
 273	-0.9938853259197261	-0.4999996313848204	-0.9841321750764029
 274	-0.4440856600409099	-0.4999996354060403	-0.6188788137298745
 275	0.5140043136735694	-0.4999996393689823	-0.1458371932535598
 276	0.9995210918489100	-0.4999996432746983	0.5735906758506850
 277	0.5660827877060441	-0.4999996471242176	0.9672063429799110
 278	-0.3878094208292295	-0.4999996509185473	-0.1622344992929949
 279	-0.9851514363288851	-0.4999996546586729	-0.9940467853265069
 280	-0.6767497645263835	-0.4999996583455589	-0.7407377314200307
 281	0.2538525197902340	-0.4999996619801491	-0.2950125663918418
 282	0.9510639681125854	-0.4999996655633677	0.3447062498698503
 283	0.7738715902084317	-0.4999996690961188	0.9915262896988379
 284	-0.1148147588416660	-0.4999996725792881	0.2539169677161248
 285	-0.8979409481081247	-0.4999996760137422	-0.9064645242536138
 286	-0.8555043707508208	-0.4999996794003299	-0.8562551849640531
 287	-0.0265210202857560	-0.4999996827398820	-0.4281704616823875
 288	0.8268456339220814	-0.4999996860332126	0.1304765655570531
 289	0.9200142254959646	-0.4999996892811183	0.8839601676057000
 290	0.1673259810118392	-0.4999996924843798	0.6295573818365565
 291	-0.7392009987512740	-0.4999996956437613	-0.6977701332982031
 292	-0.9661099892625297	-0.4999996987600119	-0.9508156105660052
 293	-0.3047819110903029	-0.4999997018338648	-0.5534678569209849
 294	0.6367612505645516	-0.4999997048660389	-0.0572622083134219
 295	0.9928690550253180	-0.4999997078572380	0.6922863860005103
 296	0.4361376291460488	-0.4999997108081520	0.8905598319966134
 297	-0.5215767216183704	-0.4999997137194568	-0.3711827533926055
 298	-0.9997558399011495	-0.4999997165918148	-0.9988204401522850
 299	-0.5587640495890891	-0.4999997194258750	-0.6762915077798700
 300	0.3959528310427406	-0.4999997222222737	-0.2183025448077359
 301	0.9866325048439105	-0.4999997249816343	0.4658417110986944
 302	0.6702068037805061	-0.4999997277045680	0.9974089730842427
 303	-0.2624039418616639	-0.4999997303916741	0.0324834558950463
 304	-0.9537617134939987	-0.4999997330435396	-0.9670024562710908
 305	-0.7682353642374472	-0.4999997356607406	-0.7963076141263107
 306	0.1236030360001129	-0.4999997382438416	-0.3588963618555473
 307	0.9018013749637745	-0.4999997407933962	0.2414073390021028
 308	0.8508876886558596	-0.4999997433099471	0.9548851027957105
 309	0.0176717854673709	-0.4999997457940266	0.4401020038173659
 310	-0.8317914757822045	-0.4999997482461568	-0.8243308425222894
 311	-0.9165094902005468	-0.4999997506668498	-0.9045036937538256
 312	-0.1585929060285728	-0.4999997530566077	-0.4874549870668026
 313	0.7451332645574127	-0.4999997554159231	0.0389546589926803
 314	0.9637873480674221	-0.4999997577452791	0.8014031897082082
 315	0.2963397884973224	-0.4999997600451499	0.7696108781018293
 316	-0.6435612059762619	-0.4999997623160005	-0.5577883915555667
 317	-0.9917749956098326	-0.4999997645582872	-0.9810420011233758
 318	-0.4281554280844516	-0.4999997667724577	-0.6112006853738431
 319	0.5291082654818533	-0.4999997689589512	-0.1357875679417530
 320	0.9999122598719259	-0.4999997711181990	0.5878428761464448
 321	0.5514015338673950	-0.4999997732506240	0.9605428998616491
 322	-0.4040652194563607	-0.4999997753566415	-0.1876661373835333
 323	-0.9880362734541701	-0.4999997774366591	-0.9959504495128448
 324	-0.6636113342009432	-0.4999997794910766	-0.7332124060683350
 325	0.2709348053161655	-0.4999997815202867	-0.2862463829206632
 326	0.9563847343054627	-0.4999997835246749	0.3587871380807161
 327	0.7625389491684939	-0.4999997855046195	0.9942910703521453
 328	-0.1323816292054519	-0.4999997874604921	0.2282126706255616
 329	-0.9055911481970673	-0.4999997893926573	-0.9153446840008829
 330	-0.8462043418838514	-0.4999997913014732	-0.8494399010824343
 331	-0.0088211661138859	-0.4999997931872916	-0.4201534131444200
 332	0.8366721491002946	-0.4999997950504576	0.1431457204927051
 333	0.9129329489429682	-0.4999997968913105	0.8936925759007159
 334	0.1498474057334782	-0.4999997987101832	0.6087953923191604
 335	-0.7510071512506543	-0.4999998005074028	-0.7144836499740759
 336	-0.9613891968218607	-0.4999998022832906	-0.9459514206032398
 337	-0.2878744485084861	-0.4999998040381621	-0.5457409462568072
 338	0.6503107401625525	-0.4999998057723273	-0.0463488940098550
 339	0.9906032333897737	-0.4999998074860907	0.7057550243207381
 340	0.4201396822393068	-0.4999998091797515	0.8785761240164311
 341	-0.5365983551885637	-0.4999998108536036	-0.3944747351745364
 342	-0.9999903395061709	-0.4999998125079356	-0.9977966124187432
 343	-0.5439958173735323	-0.4999998141430314	-0.6686544660389266
 344	0.4121459504870850	-0.4999998157591696	-0.2089180525465868
 345	0.9893626321783087	-0.4999998173566244	0.4802356030728965
 346	0.6569638725243397	-0.4999998189356648	0.9953642093316618
 347	-0.2794444417843820	-0.4999998204965553	0.0062660099368516
 348	-0.9589328250406132	-0.4999998220395562	-0.9719719269762491
 349	-0.7567827912998033	-0.4999998235649230	-0.7890061090064651
 350	0.1411498506793914	-0.4999998250729067	-0.3505476317153791
 351	0.9093099708898409	-0.4999998265637544	0.2549193502278532
 352	0.8414546973619527	-0.4999998280377087	0.9613025553017815
 353	-0.0000301443533595	-0.4999998294950083	0.4161057208519889
 354	-0.8414872714892108	-0.4999998309358877	-0.8368863716056741
 355	-0.9092848819352602	-0.4999998323605777	-0.8984049333847136
 356	-0.1410901653121099	-0.4999998337693047	-0.4796195807803389
 357	0.7568221986283603	-0.4999998351622920	0.0508009669158660
 358	0.9589157234143065	-0.4999998365397585	0.8132852528871019
 359	0.2793865543595699	-0.4999998379019200	0.7526331526193837
 360	-0.6570093243162466	-0.4999998392489884	-0.5778939374927486
 361	-0.9893538601694428	-0.4999998405811722	-0.9777125880597745
 362	-0.4120910196219434	-0.4999998418986763	-0.6035181165096759
 363	0.5440464039108651	-0.4999998432017025	-0.1256416760891156
 364	0.9999900726865629	-0.4999998444904490	0.6020400597752414
 365	0.5365474803247321	-0.4999998457651110	0.9532509481000130
 366	-0.4201943910321768	-0.4999998470258802	-0.2129106868535773
 367	-0.9906114770998198	-0.4999998482729456	-0.9974780835106900
 368	-0.6502649395607762	-0.4999998495064927	-0.7256677662683826
 369	0.2879321845600319	-0.4999998507267042	-0.2774153765299490
 370	0.9614057860636483	-0.4999998519337599	0.3729259380580868
 371	0.7509673416102893	-0.4999998531278366	0.9965228453777880
 372	-0.1499070134562357	-0.4999998543091083	0.2023686032854742
 373	-0.9129575516827102	-0.4999998554777461	-0.9237462829782966
 374	-0.8366391272115635	-0.4999998566339185	-0.8425513386519399
 375	0.0088814524588788	-0.4999998577777913	-0.4121046981329039
 376	0.8462364656975445	-0.4999998589095275	0.1559209940304972
 377	0.9055655749932976	-0.4999998600292879	0.9030831541200276
 378	0.1323218708698285	-0.4999998611372302	0.5875887602589009
 379	-0.7625779510977885	-0.4999998622335100	-0.7307186931086453
 380	-0.9563671216345017	-0.4999998633182804	-0.9409156018726710
 381	-0.2708767710534054	-0.4999998643916920	-0.5380053854532330
 382	0.6636564336219596	-0.4999998654538932	-0.0353281858101813
 383	0.9880269738337468	-0.4999998665050298	0.7190811833169156
 384	0.4040100708226276	-0.4999998675452455	0.8659791478048401
 385	-0.5514518281149147	-0.4999998685746819	-0.4174395304776468
 386	-0.9999114594340064	-0.4999998695934782	-0.9964691046229597
 387	-0.5290571062774264	-0.4999998706017715	-0.6610102097181831
 388	0.4282099105187686	-0.4999998715996968	-0.1994509868638800
 389	0.9917827103751873	-0.4999998725873870	0.4946360826536230
 390	0.6435150601529656	-0.4999998735649730	0.9927181501335193
 391	-0.2963973686521434	-0.4999998745325837	-0.0199119591712173
 392	-0.9638034236249698	-0.4999998754903460	-0.9765089526535781
 393	-0.7450930557242140	-0.4999998764383849	-0.7816654123635178
 394	0.1586524314367076	-0.4999998773768234	-0.3421501666195180
 395	0.9165336047978940	-0.4999998783057829	0.2685190449644194
 396	0.8317580087191733	-0.4999998792253825	0.9672703268022629
 397	-0.0177320647273709	-0.4999998801357400	0.3918160591294389
 398	-0.8509193596391765	-0.4999998810369712	-0.8489466408514376
 399	-0.9017753195144049	-0.4999998819291901	-0.8921921748922287
 400	-0.1235432093780464	-0.4999998828125092	-0.4717652420528094
 401	0.7682739577117872	-0.4999998836870390	0.0627585075241312
 402	0.9537435911582870	-0.4999998845528886	0.8249224457943921
 403	0.2623457653077784	-0.4999998854101656	0.7351099442701207
 404	-0.6702515472972181	-0.4999998862589757	-0.5975721287702109
 405	-0.9866226783405293	-0.4999998870994231	-0.9741522821951423
 406	-0.3958974689611576	-0.4999998879316107	-0.5958309759395394
 407	0.5588140476063818	-0.4999998887556396	-0.1153979348142864
 408	0.9997545059076306	-0.4999998895716096	0.6161728447980228
 409	0.5215252820815293	-0.4999998903796189	0.9453296224026319
 410	-0.4361918809532661	-0.4999998911797644	-0.2379499209240303
 411	-0.9928762402415507	-0.4999998919721416	-0.9986379098209266
 412	-0.6367147631351318	-0.4999998927568445	-0.7181057729700284
 413	0.3048393308371545	-0.4999998935339657	-0.2685174039322066
 414	0.9661255498763623	-0.4999998943035966	0.3871175918659879
 415	0.7391603938754915	-0.4999998950658273	0.9982118915738657
 416	-0.1673854194417015	-0.4999998958207464	0.1764059228189014
 417	-0.9200378500616057	-0.4999998965684415	-0.9316734391826729
 418	-0.8268117243068012	-0.4999998973089987	-0.8355941628538637
 419	0.0265812877380511	-0.4999998980425031	-0.4040224234953758
 420	0.8555355864224282	-0.4999998987690383	0.1688009536987509
 421	0.8979144124545271	-0.4999998994886869	0.9121188790095844
 422	0.1147548686204055	-0.4999999002015303	0.5659534909256193
 423	-0.7739097722041260	-0.4999999009076490	-0.7464711013561220
 424	-0.9510453375319575	-0.4999999016071217	-0.9357155109627848
 425	-0.2537942055031938	-0.4999999023000267	-0.5302602408736876
 426	0.6767941486332613	-0.4999999029864408	-0.0241992076034918
 427	0.9851410837124249	-0.4999999036664399	0.7322534676591171
 428	0.3877538496372612	-0.4999999043400987	0.8527741521282909
 429	-0.5661324855759046	-0.4999999050074909	-0.4400631287011983
 430	-0.9995192244043064	-0.4999999056686892	-0.9948466085812742
 431	-0.5139525978344581	-0.4999999063237653	-0.6533594994998467
 432	0.4441396769705497	-0.4999999069727900	-0.1898993850165673
 433	0.9938919810238954	-0.4999999076158329	0.5090358050796900
 434	0.6298645812915785	-0.4999999082529628	0.9894651816611748
 435	-0.3132574097108751	-0.4999999088842475	-0.0460298843045697
 436	-0.9683719828857112	-0.4999999095097539	-0.9806203915715063
 437	-0.7331698208716300	-0.4999999101295479	-0.7742887028279494
 438	0.1761052932659660	-0.4999999107436946	-0.3337018493060980
 439	0.9234700129260028	-0.4999999113522582	0.2822032189721835
 440	0.8218006615020342	-0.4999999119553019	0.9727764248537284
 441	-0.0354284281789795	-0.4999999125528883	0.3672527255311132
 442	-0.8600847843788071	-0.4999999131450789	-0.8605123171877596
 443	-0.8939831563049628	-0.4999999137319344	-0.8858714134802883
 444	-0.1059575371388910	-0.4999999143135149	-0.4638904404202839
 445	0.7794849530244592	-0.4999999148898794	0.0748271030016461
 446	0.9482725721561587	-0.4999999154610864	0.8363020344118438
 447	0.2452227616305097	-0.4999999160271932	0.7170526048579963
 448	-0.6832837250355236	-0.4999999165882568	-0.6168141112205122
 449	-0.9835823060282404	-0.4999999171443333	-0.9703693433922650
 450	-0.3795798508807975	-0.4999999176954777	-0.5881390319571816
 451	0.5734065686442813	-0.4999999182417449	-0.1050548216495346
 452	0.9992056333576834	-0.4999999187831885	0.6302316013932685
 453	0.5063396468349013	-0.4999999193198617	0.9367787476324274
 454	-0.4520526758829700	-0.4999999198518169	-0.2627660298898376
 455	-0.9948298531417643	-0.4999999203791058	-0.9994382599755840
 456	-0.6229650513149461	-0.4999999209017796	-0.7105282411404845
 457	0.3216509457403056	-0.4999999214198885	-0.2595503284515059
 458	0.9705425466512561	-0.4999999219334824	0.4013567906614637
 459	0.7271218060573149	-0.4999999224426102	0.9993488890271791
 460	-0.1848113697317091	-0.4999999229473205	0.1503458405947007
 461	-0.9268298244906983	-0.4999999234476610	-0.9391306552478907
 462	-0.8167252129076660	-0.4999999239436789	-0.8285728652613806
 463	0.0442727929013797	-0.4999999244354207	-0.3959046600476087
 464	0.8645665970913422	-0.4999999249229327	0.1817839862102788
 465	0.8899818590686664	-0.4999999254062599	0.9207867734629360
 466	0.0971519041798863	-0.4999999258854473	0.5439061225601856
 467	-0.7849990633729202	-0.4999999263605391	-0.7617373136542690
 468	-0.9454255122693237	-0.4999999268315790	-0.9303583611701581
 469	-0.2366321052384454	-0.4999999272986100	-0.5225045006819293
 470	0.6897197680637950	-0.4999999277616748	-0.0129611829579240
 471	0.9819464674138593	-0.4999999282208153	0.7452602878440365
 472	0.3713761131017696	-0.4999999286760730	0.8389671202004501
 473	-0.5806357269073930	-0.4999999291274889	-0.4623320889870940
 474	-0.9988137573367454	-0.4999999295751034	-0.9929378067647399
 475	-0.4986870255363352	-0.4999999300189565	-0.6457029717213045
 476	0.4599302577291338	-0.4999999304590875	-0.1802613189310499
 477	0.9956897831154927	-0.4999999308955355	0.5234271581842229
 478	0.6160167137641636	-0.4999999313283388	0.9856002700619435
 479	-0.3300192813153101	-0.4999999317575354	-0.0720674165336778
 480	-0.9726370711153801	-0.4999999321831628	-0.9843133376626948
 481	-0.7210168232776373	-0.4999999326052580	-0.7668789939546113
 482	0.1935029667421233	-0.4999999330238577	-0.3252005487060161
 483	0.9301170215238276	-0.4999999334389979	0.2959684419855607
 484	0.8115857761709371	-0.4999999338507142	0.9778090862438742
 485	-0.0531136889739451	-0.4999999342590420	0.3424357248443375
 486	-0.8689806734225085	-0.4999999346640159	-0.8715845743680081
 487	-0.8859108342361154	-0.4999999350656704	-0.8794484734137725
 488	-0.0883386596401723	-0.4999999354640394	-0.4559935894137541
 489	0.7904516712343437	-0.4999999358591564	0.0870064313812033
 490	0.9425043809306535	-0.4999999362510545	0.8474111951455798
 491	0.2280229093809675	-0.4999999366397666	0.6984731600821261
 492	-0.6961017734720562	-0.4999999370253247	-0.6356116582310132
 493	-0.9802336960326743	-0.4999999374077609	-0.9663719356251901
 494	-0.3631432790401500	-0.4999999377871068	-0.5804419521997337
 495	0.5878193939808536	-0.4999999381633934	-0.0946108823166942
 496	0.9983436270438855	-0.4999999385366516	0.6442064496839047
 497	0.4909953335002932	-0.4999999389069117	0.9275988498157010
 498	-0.4677718053224761	-0.4999999392742038	-0.2873416460837705
 499	-0.9964717035719659	-0.4999999396385576	-0.9998875601625967
 500	-0.6090201130220971	-0.4999999400000024	-0.7029368390766122
 501	0.3383617608001377	-0.4999999403585672	-0.2505120243916406
 502	0.9746553921779337	-0.4999999407142805	0.4156379657902974
 503	0.7148553508409695	-0.4999999410671708	0.9999249426426940
 504	-0.2021794033348260	-0.4999999414172658	0.1242095886865819
 505	-0.9333313464826719	-0.4999999417645934	-0.9461228036927986
 506	-0.8063827539523805	-0.4999999421091807	-0.8214917616455395
 507	0.0619504237371280	-0.4999999424510547	-0.3877494447611707
 508	0.8733266675417377	-0.4999999427902421	0.1948682874269035
 509	0.8817704007607503	-0.4999999431267692	0.9290739238960973
 510	0.0795184940128763	-0.4999999434606621	0.5214637031961864
 511	-0.7958423494121123	-0.4999999437919464	-0.7765143642653434
 512	-0.9395094070026404	-0.4999999441206476	-0.9248512164667277
 513	-0.2193958485645581	-0.4999999444467909	-0.5147370760589416
 514	0.7024292412479847	-0.4999999447704009	-0.0016134430603150
 515	0.9784441260755459	-0.4999999450915025	0.7580898662293268
 516	0.3548819937155239	-0.4999999454101196	0.8245647690848534
 517	-0.5949570070443855	-0.4999999457262764	-0.4842335541536555
 518	-0.9977952793125009	-0.4999999460399966	-0.9907513603498761
 519	-0.4832651733493920	-0.4999999463513035	-0.6380411392258788
 520	0.4755767042996153	-0.4999999466602204	-0.1705349003392957
 521	0.9971755532498972	-0.4999999469667701	0.5378022587075828
 522	0.6019757972528995	-0.4999999472709752	0.9811189793697502
 523	-0.3466777305847905	-0.4999999475728582	-0.0980044556889226
 524	-0.9765973517090915	-0.4999999478724411	-0.9875951042396897
 525	-0.7086378714814910	-0.4999999481697459	-0.7594391341842917
 526	0.2108399997352113	-0.4999999484647941	-0.3166441229799999
 527	0.9364725475338364	-0.4999999487576070	0.3098110497148672
 528	0.8011165538942744	-0.4999999490482059	0.9823567988421840
 529	-0.0707823048574078	-0.4999999493366116	0.3173853285987875
 530	-0.8776042389525125	-0.4999999496228447	-0.8821650802645066
 531	-0.8775608830339851	-0.4999999499069258	-0.8729290051305271
 532	-0.0706920983333734	-0.4999999501888748	-0.4480730485607062
 533	0.8011706755616272	-0.4999999504687119	0.0992960187033576
 534	0.9364408251331382	-0.4999999507464568	0.8582370284451614
 535	0.2107515986953688	-0.4999999510221290	0.6793842959728157
 536	-0.7087016756521290	-0.4999999512957478	-0.6539571729907910
 537	-0.9765778977502884	-0.4999999515673321	-0.9621681185528579
 538	-0.3465929043765533	-0.4999999518369011	-0.5727393053565475
 539	0.6020480068859135	-0.4999999521044732	-0.0840647364903600
 540	0.9971687571041068	-0.4999999523700671	0.6580872621127688
 541	0.4754971507201181	-0.4999999526337008	0.9177911654605969
 542	-0.4833443431684865	-0.4999999528953924	-0.3116598662662515
 543	-0.9978012770046274	-0.4999999531551599	-0.9999943164293800
 544	-0.5948843183590627	-0.4999999534130208	-0.6953330897281931
 545	0.3549665391362312	-0.4999999536689926	-0.2414003807511901
 546	0.9784627975617406	-0.4999999539230927	0.4299552837469834
 547	0.7023648723213674	-0.4999999541753379	0.9999316040757675
 548	-0.2194840774097080	-0.4999999544257454	0.0980183865915495
 549	-0.9395403785729803	-0.4999999546743316	-0.9526551103631639
 550	-0.7957875885887045	-0.4999999549211133	-0.8143549915223014
 551	0.0796086403815333	-0.4999999551661067	-0.3795547832814551
 552	0.8818130525190443	-0.4999999554093280	0.2080518550947206
 553	0.8732826108597920	-0.4999999556507932	0.9369674998690154
 554	0.0618601641251456	-0.4999999558905181	0.4986437657991422
 555	-0.8064362322233966	-0.4999999561285184	-0.7907998750941082
 556	-0.9332988757369771	-0.4999999563648095	-0.9192009866423752
 557	-0.2020908370262657	-0.4999999565994068	-0.5069568033595081
 558	0.7149185852567496	-0.4999999568323254	0.0098445670226135
 559	0.9746351572706857	-0.4999999570635803	0.7707302460824383
 560	0.3382766604502674	-0.4999999572931864	0.8095745470746372
 561	-0.6090918379453792	-0.4999999575211582	-0.5057552620292496
 562	-0.9964641095049708	-0.4999999577475103	-0.9882958976497260
 563	-0.4676918742153772	-0.4999999579722571	-0.6303743934268676
 564	0.4910741133562503	-0.4999999581954128	-0.1607182851558046
 565	0.9983488258124457	-0.4999999584169914	0.5521529514144670
 566	0.5877462319381780	-0.4999999586370069	0.9760174886308379
 567	-0.3632275370494296	-0.4999999588554729	-0.1238211797022956
 568	-0.9802515835834019	-0.4999999590724032	-0.9904732070953193
 569	-0.6960368448325855	-0.4999999592878112	-0.7519718080255584
 570	0.2281109591189409	-0.4999999595017101	-0.3080304224930767
 571	0.9425345992440989	-0.4999999597141133	0.3237271379644355
 572	0.7903962755452384	-0.4999999599250337	0.9864083243522174
 573	-0.0884287387907352	-0.4999999601344843	0.2921220432089485
 574	-0.8859527784925297	-0.4999999603424779	-0.8922559825186474
 575	-0.8689359194288628	-0.4999999605490271	-0.8663184833889269
 576	-0.0530233833456036	-0.4999999607541444	-0.4401271257989221
 577	0.8116386068557430	-0.4999999609578422	0.1116952325351820
 578	0.9300838049771285	-0.4999999611601327	0.8687665743820052
 579	0.1934142421037684	-0.4999999613610282	0.6597993434946220
 580	-0.7210794829843191	-0.4999999615605406	-0.6718436885223753
 581	-0.9726160568450356	-0.4999999617586817	-0.9577658397730160
 582	-0.3299339134911817	-0.4999999619554634	-0.5650305635641734
 583	0.6160879483582660	-0.4999999621508973	-0.0734150828455587
 584	0.9956813917222668	-0.4999999623449949	0.6718636679276678
 585	0.4598499553568124	-0.4999999625377676	0.9073576494093084
 586	-0.4987654092569730	-0.4999999627292266	-0.3357042722684145
 587	-0.9988181567744302	-0.4999999629193833	-0.9997670999801134
 588	-0.5805620972394064	-0.4999999631082485	-0.6877183728183724
 589	0.3714600770982414	-0.4999999632958333	-0.2322133047156655
 590	0.9819635696276799	-0.4999999634821485	0.4443026428242294
 591	0.6896542847984487	-0.4999999636672048	0.9993608935517294
 592	-0.2367199689707908	-0.4999999638510129	0.0717934082095110
 593	-0.9454549749583542	-0.4999999640335832	-0.9587331371191945
 594	-0.7849430371582153	-0.4999999642149262	-0.8071665184967289
 595	0.0972419090549049	-0.4999999643950520	-0.3713186525743551
 596	0.8900230925369855	-0.4999999645739710	0.2213324826984369
 597	0.8645211492923470	-0.4999999647516932	0.9444547748354000
 598	0.0441824483318732	-0.4999999649282286	0.4754643021312213
 599	-0.8167773918671249	-0.4999999651035872	-0.8045920463993865
 600	-0.9267958647454188	-0.4999999652777786	-0.9134144231507254
 601	-0.1847224937148876	-0.4999999654508126	-0.4991624466251592
 602	0.7271838861456853	-0.4999999656226988	0.0214132827085800
 603	0.9705207546642247	-0.4999999657934466	0.7831693022419329
 604	0.3215653171302501	-0.4999999659630656	0.7940046293533277
 605	-0.6230357899988371	-0.4999999661315649	-0.5268855549349748
 606	-0.9948206650797496	-0.4999999662989539	-0.9855800029896609
 607	-0.4519720085368930	-0.4999999664652417	-0.6227030068579537
 608	0.5064176282790740	-0.4999999666304373	-0.1508096775902160
 609	0.9992092331198094	-0.4999999667945496	0.5664708096399260
 610	0.5733324771196631	-0.4999999669575875	0.9702926081402093
 611	-0.3796635142861166	-0.4999999671195598	-0.1494980729302101
 612	-0.9835986215652434	-0.4999999672804752	-0.9929553474914401
 613	-0.6832176922747329	-0.4999999674403423	-0.7444795377938763
 614	0.2453104324733487	-0.4999999675991696	-0.2993572927802590
 615	0.9483012769124547	-0.4999999677569656	0.3377125577271731
 616	0.7794283006736524	-0.4999999679137386	0.9899527214414414
 617	-0.1060474606867345	-0.4999999680694969	0.2666665776161760
 618	-0.8940236757546595	-0.4999999682242486	-0.9018598932488000
 619	-0.8600386463351707	-0.4999999683780020	-0.8596222060110519
 620	-0.0353380517465530	-0.4999999685307650	-0.4321540800545989
 621	0.8218521846480703	-0.4999999686825456	0.1242032760421622
 622	0.9234353126427940	-0.4999999688333517	0.8789868294028772
 623	0.1760162728338659	-0.4999999689831911	0.6397322615775941
 624	-0.7332313164778873	-0.4999999691320715	-0.6892648660977050
 625	-0.9683494148893343	-0.4999999692800006	-0.9531729276300001
 626	-0.3131715270236552	-0.4999999694269860	-0.5573151050777134
 627	0.6299348185230796	-0.4999999695730352	-0.0626607038520601
 628	0.9938819970129513	-0.4999999697181556	0.6855250589257782
 629	0.4440586509707787	-0.4999999698623546	0.8963009812819348
 630	-0.5140301708925370	-0.4999999700056396	-0.3594589501686517
 631	-0.9995220242088421	-0.4999999701480176	-0.9992145327562820
 632	-0.5660579379995188	-0.4999999702894959	-0.6800939273239734
 633	0.3878372058966331	-0.4999999704300817	-0.2229487250880738
 634	0.9851566112943334	-0.4999999705697818	0.4586736706836529
 635	0.6767275715505089	-0.4999999707086034	0.9982053213511286
 636	-0.2538816765877605	-0.4999999708465532	0.0455557491330538
 637	-0.9510732821065815	-0.4999999709836382	-0.9643627641747591
 638	-0.7738524981557710	-0.4999999711198650	-0.7999301310523248
 639	0.1148447037958147	-0.4999999712552404	-0.3630390036333603
 640	0.8979542147110153	-0.4999999713897710	0.2347077538408285
 641	0.8554887617489377	-0.4999999715234635	0.9515231475919251
 642	0.0264908865234459	-0.4999999716563243	0.4519437355335451
 643	-0.8268625876027196	-0.4999999717883598	-0.8178896463383812
 644	-0.9200024119591380	-0.4999999719195765	-0.9074981154753556
 645	-0.1672962615688254	-0.4999999720499808	-0.4913527002410676
 646	0.7392213001816265	-0.4999999721795788	0.0330930145041407
 647	0.9661022076387795	-0.4999999723083768	0.7953947528746128
 648	0.3047532008014393	-0.4999999724363810	0.7778639120478354
 649	-0.6367844934113518	-0.4999999725635975	-0.5476133876003333
 650	-0.9928654610638965	-0.4999999726900324	-0.9826122060508032
 651	-0.4361105026479622	-0.4999999728156915	-0.6150271359380582
 652	0.5216024406758817	-0.4999999729405810	-0.1408073341875719
 653	0.9997565055352190	-0.4999999730647065	0.5807471367592629
 654	0.5587390498188232	-0.4999999731880741	0.9639417947163726
 655	-0.3959805115438519	-0.4999999733106894	-0.1750159534985088
 656	-0.9866374167508005	-0.4999999734325582	-0.9950493952434705
 657	-0.6701844311086327	-0.4999999735536862	-0.7369646856525071
 658	0.2624330297809573	-0.4999999736740789	-0.2906225775270646
 659	0.9537707733618594	-0.4999999737937420	0.3517629108317334
 660	0.7682160664531459	-0.4999999739126810	0.9929793690165736
 661	-0.1236329491426860	-0.4999999740309013	0.2410398105567038
 662	-0.9018144014592891	-0.4999999741484084	-0.9109798731168770
 663	-0.8508718520044144	-0.4999999742652075	-0.8528452930434111
 664	-0.0176416458132701	-0.4999999743813041	-0.4241521238882287
 665	0.8318082081799767	-0.4999999744967035	0.1368191823045293
 666	0.9164974316526442	-0.4999999746114108	0.8888847639452142
 667	0.1585631431083261	-0.4999999747254312	0.6191976186992272
 668	-0.7451533679583873	-0.4999999748387700	-0.7062149922909530
 669	-0.9637793089749802	-0.4999999749514320	-0.9483970845216299
 670	-0.2963109980159809	-0.4999999750634224	-0.5495922170579034
 671	0.6435842780107317	-0.4999999751747463	-0.0518004704953459
 672	0.9917711368753414	-0.4999999752854085	0.6990605961298054
 673	0.4281281862836950	-0.4999999753954139	0.8846245705152735
 674	-0.5291338443628917	-0.4999999755047674	-0.3829085080956441
 675	-0.9999126587279824	-0.4999999756134740	-0.9983452733821150
 676	-0.5513763859920506	-0.4999999757215381	-0.6724608541395698
 677	0.4040927932224895	-0.4999999758289648	-0.2136045957213266
 678	0.9880409219176677	-0.4999999759357586	0.4730617225569770
 679	0.6635887835859072	-0.4999999760419243	0.9964579088357969
 680	-0.2709638220782684	-0.4999999761474663	0.0193263943133197
 681	-0.9563935393373727	-0.4999999762523893	-0.9695501722748118
 682	-0.7625194471644794	-0.4999999763566979	-0.7926494436386072
 683	0.1324115081928380	-0.4999999764603964	-0.3547137642220152
 684	0.9056039335646163	-0.4999999765634894	0.2481750369134022
 685	0.8461882788236016	-0.4999999766659813	0.9581601642312406
 686	0.0087910229293522	-0.4999999767678764	0.4281008927421802
 687	-0.8366886589042641	-0.4999999768691791	-0.8306919995512502
 688	-0.9129206463287430	-0.4999999769698937	-0.9014584879336414
 689	-0.1498176016678404	-0.4999999770700245	-0.4835261916520616
 690	0.7510270550472057	-0.4999999771695756	0.0448839426897990
 691	0.9613809008905675	-0.4999999772685513	0.8073941721166574
 692	0.2878455800903205	-0.4999999773669557	0.7611620047214822
 693	-0.6503336395770626	-0.4999999774647929	-0.5679283336336364
 694	-0.9905991101845337	-0.4999999775620670	-0.9794009716896533
 695	-0.4201123272701994	-0.4999999776587822	-0.6073468238357814
 696	0.5366237918890951	-0.4999999777549422	-0.1307095678727006
 697	0.9999904715529651	-0.4999999778505512	0.5949729683856261
 698	0.5439705233633756	-0.4999999779456131	0.9569631659529269
 699	-0.4121734153579038	-0.4999999780401317	-0.2003559996541298
 700	-0.9893670168342196	-0.4999999781341111	-0.9967633720013283
 701	-0.6569411457329191	-0.4999999782275549	-0.7294294558418910
 702	0.2794733851159120	-0.4999999783204671	-0.2818241215784221
 703	0.9589413745467228	-0.4999999784128514	0.3658735459752047
 704	0.7567630866040035	-0.4999999785047115	0.9954779895143997
 705	-0.1411796931706552	-0.4999999785960511	0.2152627575521469
 706	-0.9093225141277265	-0.4999999786868739	-0.9196194149067761
 707	-0.8414384091513941	-0.4999999787771837	-0.8459926862534681
 708	0.0000602887066916	-0.4999999788669839	-0.4161194261739601
 709	0.8415035574058807	-0.4999999789562782	0.1495418087558872
 710	0.9092723362185879	-0.4999999790450702	0.8984473407693754
 711	0.1410603224361464	-0.4999999791333633	0.5982105730945926
 712	-0.7568419012610816	-0.4999999792211611	-0.7226889747975314
 713	-0.9589071712941251	-0.4999999793084670	-0.9434458806765559
 714	-0.2793576102663403	-0.4999999793952845	-0.5418610984073310
 715	0.6570320493166915	-0.4999999794816170	-0.0408333470025417
 716	0.9893494728164958	-0.4999999795674679	0.7124592172647017
 717	0.4120635536276707	-0.4999999796528404	0.8723325599817060
 718	-0.5440716964379951	-0.4999999797377381	-0.4060380926887522
 719	-0.9999899379137492	-0.4999999798221640	-0.9971680035161455
 720	-0.5365220421614780	-0.4999999799061217	-0.6648201188468172
 721	0.4202217448558895	-0.4999999799896142	-0.2041788989864573
 722	0.9906155976046185	-0.4999999800726447	0.4874598799602368
 723	0.6502420383735517	-0.4999999801552165	0.9941122089265616
 724	-0.2879610521933598	-0.4999999802373327	-0.0068738138267687
 725	-0.9614140793741277	-0.4999999803189965	-0.9743018248140530
 726	-0.7509474357665120	-0.4999999804002110	-0.7853278979852951
 727	0.1499368171133013	-0.4999999804809793	-0.3463408416428770
 728	0.9129698518082046	-0.4999999805613043	0.2617314799691817
 729	0.8366226151268321	-0.4999999806411893	0.9643535404896361
 730	-0.0089115956192834	-0.4999999807206371	0.4039549748306957
 731	-0.8462525264509585	-0.4999999807996508	-0.8429989749047374
 732	-0.9055527871571002	-0.4999999808782333	-0.8953017968756688
 733	-0.1322919915216454	-0.4999999809563876	-0.4756814840994626
 734	0.7625974510230334	-0.4999999810341165	0.0567861120221556
 735	0.9563583139954668	-0.4999999811114230	0.8191550035040063
 736	0.2708477535528008	-0.4999999811883099	0.7439092213313320
 737	-0.6636789824278990	-0.4999999812647801	-0.5878205906095818
 738	-0.9880223226768295	-0.4999999813408364	-0.9759546902369030
 739	-0.4039824959550735	-0.4999999814164816	-0.5996620033825627
 740	0.5514769744870444	-0.4999999814917184	-0.1205147520377628
 741	0.9999110578521441	-0.4999999815665496	0.6091390752173615
 742	0.5290315259540843	-0.4999999816409780	0.9493555133907454
 743	-0.4282371511522794	-0.4999999817150062	-0.2254997750909886
 744	-0.9917865664060436	-0.4999999817886370	-0.9981054347861161
 745	-0.6434919863641810	-0.4999999818618729	-0.7218758970439828
 746	0.2964261583255706	-0.4999999819347167	-0.2729597739824592
 747	0.9638114600900610	-0.4999999820071710	0.3800395550776696
 748	0.7450729502920265	-0.4999999820792383	0.9974386721183298
 749	-0.1586821939245416	-0.4999999821509213	0.1893565377179650
 750	-0.9165456608473167	-0.4999999822222224	-0.9277824267123151
 751	-0.8317412740539448	-0.4999999822931444	-0.8390691489172042
 752	0.0177622043332153	-0.4999999823636895	-0.4080541147934219
 753	0.8509351939710194	-0.4999999824338604	0.1623698316896698
 754	0.9017622905605737	-0.4999999825036596	0.9076615339296668
 755	0.1235132958986074	-0.4999999825730894	0.5767868516524963
 756	-0.7682932534017909	-0.4999999826421523	-0.7386823370988475
 757	-0.9537345286904526	-0.4999999827108509	-0.9383267483836650
 758	-0.2623166766732390	-0.4999999827791874	-0.5341208626218835
 759	0.6702739181420160	-0.4999999828471642	-0.0297583956065108
 760	0.9866177637440470	-0.4999999829147837	0.7257096449794656
 761	0.3958697873807361	-0.4999999829820482	0.8594298281668313
 762	-0.5588390458533631	-0.4999999830489602	-0.4288334042195062
 763	-0.9997538375481824	-0.4999999831155217	-0.9956914146330195
 764	-0.5214995616022460	-0.4999999831817353	-0.6571725545496727
 765	0.4362190062623474	-0.4999999832476031	-0.1946696492888445
 766	0.9928798314963556	-0.4999999833131274	0.5018609498824890
 767	0.6366915185525545	-0.4999999833783104	0.9911623259576920
 768	-0.3048680402950903	-0.4999999834431544	-0.0330242067573106
 769	-0.9661333288664309	-0.4999999835076615	-0.9786244499658576
 770	-0.7391400904300984	-0.4999999835718340	-0.7779687646059137
 771	0.1674151384284960	-0.4999999836356739	-0.3379181255316164
 772	0.9200496610903988	-0.4999999836991835	0.2753740057581811
 773	0.8267947683721899	-0.4999999837623649	0.9700911844145577
 774	-0.0266114214279814	-0.4999999838252202	0.3795255273616023
 775	-0.8555511930921242	-0.4999999838877515	-0.8548109724763908
 776	-0.8979011434038441	-0.4999999839499609	-0.8890341282510886
 777	-0.1147249233533481	-0.4999999840118504	-0.4678170793649757
 778	0.7739288621471250	-0.4999999840734222	0.0687994264233535
 779	0.9510360209453427	-0.4999999841346782	0.8306645741425368
 780	0.2537650480137331	-0.4999999841956205	0.7261165696699842
 781	-0.6768163397642243	-0.4999999842562510	-0.6072809838113260
 782	-0.9851359060614224	-0.4999999843165718	-0.9722816682759816
 783	-0.3877260635127470	-0.4999999843765849	-0.5919725000084375
 784	0.5661573337391944	-0.4999999844362921	-0.1102213246883122
 785	0.9995182893196364	-0.4999999844956955	0.6232359665081191
 786	0.5139267392143615	-0.4999999845547970	0.9411183145583037
 787	-0.4441666848300092	-0.4999999846135985	-0.2504292532058797
 788	-0.9938953072212839	-0.4999999846721018	-0.9990838598223463
 789	-0.6298411677363565	-0.4999999847303090	-0.7143059048509200
 790	0.3132860367040136	-0.4999999847882218	-0.2640273910754228
 791	0.9683795037912949	-0.4999999848458421	0.3942557699385278
 792	0.7331493210037495	-0.4999999849031718	0.9988518958255621
 793	-0.1761349664233212	-0.4999999849602126	0.1633423404739905
 794	-0.9234815780088051	-0.4999999850169665	-0.9354732148055785
 795	-0.8217834856264904	-0.4999999850734351	-0.8320792658699790
 796	0.0354585535921052	-0.4999999851296204	-0.3999542793406746
 797	0.8601001621636173	-0.4999999851855240	0.1753017408172143
 798	0.8939696481970214	-0.4999999852411477	0.9165143483315813
 799	0.1059275624303434	-0.4999999852964934	0.5549427275547156
 800	-0.7795038357248097	-0.4999999853515626	-0.7541912120331126
 801	-0.9482630021806919	-0.4999999854063573	-0.9330469766604894
 802	-0.2451935375705356	-0.4999999854608789	-0.5263705406450925
 803	0.6833057347140384	-0.4999999855151293	-0.0185747813661033
 804	0.9835768657283723	-0.4999999855691101	0.7388003957894661
 805	0.3795519623891560	-0.4999999856228231	0.8459219898858374
 806	-0.5734312647770955	-0.4999999856762697	-0.4512807103695946
 807	-0.9992044316210529	-0.4999999857294519	-0.9939241952515975
 808	-0.5063136520999421	-0.4999999857823710	-0.6495188647540917
 809	0.4520795641768173	-0.4999999858350289	-0.1850748966438401
 810	0.9948329140211382	-0.4999999858874269	0.5162574644372406
 811	0.6229414706214662	-0.4999999859395670	0.9876029348397375
 812	-0.3216794880258018	-0.4999999859914504	-0.0591043206126976
 813	-0.9705498088831128	-0.4999999860430789	-0.9825250228735569
 814	-0.7271011113730546	-0.4999999860944541	-0.7705751444661756
 815	0.1848409947348159	-0.4999999861455773	-0.3294434906747197
 816	0.9268411427214180	-0.4999999861964503	0.2890993069199521
 817	0.8167078184368716	-0.4999999862470745	0.9753612192905107
 818	-0.0443029076774586	-0.4999999862974515	0.3548324098261234
 819	-0.8645817447864600	-0.4999999863475827	-0.8661289098466125
 820	-0.8899681129617890	-0.4999999863974697	-0.8826613955242190
 821	-0.0971219023782833	-0.4999999864471139	-0.4599314205118137
 822	0.7850177373512154	-0.4999999864965168	0.0809236436471654
 823	0.9454156896547860	-0.4999999865456800	0.8419101095911985
 824	0.2366028168975815	-0.4999999865946047	0.7077957393081702
 825	-0.6897415945654649	-0.4999999866432925	-0.6263009686583704
 826	-0.9819407648913580	-0.4999999866917449	-0.9683901198992406
 827	-0.3713481244279862	-0.4999999867399632	-0.5842780346870579
 828	0.5806602690748583	-0.4999999867879488	-0.0998277926590110
 829	0.9988122890423070	-0.4999999868357031	0.6372538941538333
 830	0.4986608967231284	-0.4999999868832276	0.9322517438292454
 831	-0.4599570243507460	-0.4999999869305236	-0.2751268402432621
 832	-0.9956925784370406	-0.4999999869775925	-0.9997070266966577
 833	-0.6159929677799073	-0.4999999870244357	-0.7067212243194321
 834	0.3300477366569554	-0.4999999870710544	-0.2550248396106903
 835	0.9726440741045344	-0.4999999871174501	0.4085167591923558
 836	0.7209959353983679	-0.4999999871636241	0.9997085522970240
 837	-0.1935325412699454	-0.4999999872095777	0.1372413922447858
 838	-0.9301280920157128	-0.4999999872553121	-0.9426964662453029
 839	-0.8115681644677003	-0.4999999873008288	-0.8250274438013132
 840	0.0531437907535685	-0.4999999873461290	-0.3918179738343744
 841	0.8689955898411542	-0.4999999873912140	0.1883358338703881
 842	0.8858968512072711	-0.4999999874360851	0.9249928398342893
 843	0.0883086330960715	-0.4999999874807435	0.5326949967119382
 844	-0.7904701350275293	-0.4999999875251906	-0.7692123343239375
 845	-0.9424943064466191	-0.4999999875694274	-0.9276137063481615
 846	-0.2279935590538736	-0.4999999876134554	-0.5186090837160143
 847	0.6961234150868356	-0.4999999876572757	-0.0072817770472842
 848	0.9802277317343164	-0.4999999877008895	0.7517197897316611
 849	0.3631151923770592	-0.4999999877442981	0.8318153955195130
 850	-0.5878437802601598	-0.4999999877875027	-0.4733668586620572
 851	-0.9983418923066761	-0.4999999878305044	-0.9918750186204911
 852	-0.4909690726559583	-0.4999999878733044	-0.6418596262796351
 853	0.4677984481747631	-0.4999999879159040	-0.1753927303156875
 854	0.9964742331166823	-0.4999999879583043	0.5306416809815481
 855	0.6089962036074962	-0.4999999880005065	0.9834292994656716
 856	-0.3383901269685357	-0.4999999880425117	-0.0850939262976895
 857	-0.9746621353757209	-0.4999999880843210	-0.9860107479479870
 858	-0.7148342714031982	-0.4999999881259357	-0.7631499707994333
 859	0.2022089250702817	-0.4999999881673568	-0.3209147998541242
 860	0.9333421683683804	-0.4999999882085855	0.3029038413332859
 861	0.8063649263965292	-0.4999999882496229	0.9801520067676328
 862	-0.0619805101619054	-0.4999999882904700	0.3298957644532398
 863	-0.8733413515152515	-0.4999999883311281	-0.8769542077573369
 864	-0.8817561819054704	-0.4999999883715981	-0.8761893379217580
 865	-0.0794884450787736	-0.4999999884118813	-0.4520228946210276
 866	0.7958606015736018	-0.4999999884519785	0.0931583699196501
 867	0.9394990814384173	-0.4999999884918910	0.8528787494359301
 868	0.2193664385507503	-0.4999999885316198	0.6889590880593903
 869	-0.7024506962803133	-0.4999999885711658	-0.6448726318460518
 870	-0.9784379004686174	-0.4999999886105304	-0.9642881584395365
 871	-0.3548538112636375	-0.4999999886497142	-0.5765782268810582
 872	0.5949812355249355	-0.4999999886887186	-0.0893327359034425
 873	0.9977932782684322	-0.4999999887275445	0.6511828574012269
 874	0.4832387825313931	-0.4999999887661929	0.9227566820510990
 875	-0.4756032212951838	-0.4999999888046648	-0.2995753972892277
 876	-0.9971778168195990	-0.4999999888429613	-0.9999834028682693
 877	-0.6019517262811898	-0.4999999888810832	-0.6991234525985585
 878	0.3467060053575308	-0.4999999889190317	-0.2459499999377731
 879	0.9766038345872008	-0.4999999889568077	0.4228168255755882
 880	0.7086166021367329	-0.4999999889944122	0.9999999684245543
 881	-0.2108694663653549	-0.4999999890318461	0.1110749232350768
 882	-0.9364831199655037	-0.4999999890691105	-0.9494572312790135
 883	-0.8010985118825479	-0.4999999891062062	-0.8179179117766401
 884	0.0708123735701518	-0.4999999891431343	-0.3836432194388897
 885	0.8776186893304462	-0.4999999891798957	0.2014702112546611
 886	0.8775464294662774	-0.4999999892164912	0.9330841358607682
 887	0.0706620293635188	-0.4999999892529220	0.5100609530544703
 888	-0.8011887146614145	-0.4999999892891888	-0.7837430321145686
 889	-0.9364302492977055	-0.4999999893252927	-0.9220339256216277
 890	-0.2107221312990398	-0.4999999893612344	-0.5108353662063807
 891	0.7087229424210653	-0.4999999893970150	0.0041212319314051
 892	0.9765714113225485	-0.4999999894326353	0.7644559607283369
 893	0.3465646283438878	-0.4999999894680962	0.8171171287546153
 894	-0.6020720756694737	-0.4999999895033986	-0.4950792875390749
 895	-0.9971664899099553	-0.4999999895385435	-0.9895525308697442
 896	-0.4754706319961021	-0.4999999895735316	-0.6341952921935275
 897	0.4833707322298039	-0.4999999896083639	-0.1656212825251908
 898	0.9978032744219705	-0.4999999896430412	0.5450055827152072
 899	0.5948600877161377	-0.4999999896775643	0.9786372902976369
 900	-0.3549947202980643	-0.4999999897119342	-0.1109730588599057
 901	-0.9784690196122566	-0.4999999897461517	-0.9890890413104880
 902	-0.7023434147360162	-0.4999999897802176	-0.7556960110563804
 903	0.2195134866259111	-0.4999999898141328	-0.3123299067209764
 904	0.9395507007222859	-0.4999999898478981	0.3167838276343359
 905	0.7957693335346440	-0.4999999898815143	0.9844521701380519
 906	-0.0796386890264442	-0.4999999899149822	0.3047359844673081
 907	-0.8818272681692509	-0.4999999899483027	-0.8872887751927504
 908	-0.8732679237120532	-0.4999999899814767	-0.8696235189975118
 909	-0.0618300774753592	-0.4999999900145047	-0.4440898355229486
 910	0.8064540568481685	-0.4999999900473878	0.1055030545548986
 911	0.9332880504589218	-0.4999999900801266	0.8635575635371260
 912	0.2020613145561038	-0.4999999901127220	0.6696196269910190
 913	-0.7149396620961010	-0.4999999901451748	-0.6629886912258015
 914	-0.9746284105303279	-0.4999999901774856	-0.9599837886722714
 915	-0.3382482930521711	-0.4999999902096554	-0.5688725974831425
 916	0.6091157451462272	-0.4999999902416848	-0.0787348118594024
 917	0.9964615763383645	-0.4999999902735747	0.6650126081870236
 918	0.4676652296630122	-0.4999999903053258	0.9126347248996586
 919	-0.4911003724158074	-0.4999999903369389	-0.3237582610750142
 920	-0.9983505569209379	-0.4999999903684146	-0.9999215285528705
 921	-0.5877218435224411	-0.4999999903997538	-0.6915140416190260
 922	0.3632556223924401	-0.4999999904309572	-0.2368007692311596
 923	0.9802575443188444	-0.4999999904620255	0.4371500035163819
 924	0.6960152006877834	-0.4999999904929595	0.9997179285509250
 925	-0.2281403086170735	-0.4999999905237598	0.0848641343612864
 926	-0.9425446703023311	-0.4999999905544272	-0.9557609055879166
 927	-0.7903778088790765	-0.4999999905849624	-0.8107547219720550
 928	0.0884587650135854	-0.4999999906153662	-0.3754280071932274
 929	0.8859667583012527	-0.4999999906456392	0.2147027707573985
 930	0.8689209998517899	-0.4999999906757821	0.9407754564783433
 931	0.0529932813730905	-0.4999999907057956	0.4870583627365235
 932	-0.8116562156089900	-0.4999999907356805	-0.7977812175576668
 933	-0.9300727311045811	-0.4999999907654374	-0.9163144659042080
 934	-0.1933846668727768	-0.4999999907950670	-0.5030481884464620
 935	0.7211003682427743	-0.4999999908245700	0.0156347424886129
 936	0.9726090503206481	-0.4999999908539470	0.7769968676597601
 937	0.3299054569501611	-0.4999999908831987	0.8018350028170523
 938	-0.6161116921033395	-0.4999999909123259	-0.5164060360858579
 939	-0.9956785927816724	-0.4999999909413291	-0.9869653396343976
 940	-0.4598231870636247	-0.4999999909702090	-0.6265261947605139
 941	0.4987915362574457	-0.4999999909989662	-0.1557587322273415
 942	0.9988196214384440	-0.4999999910276015	0.5593408797752811
 943	0.5805375529616218	-0.4999999910561155	0.9732234010733211
 944	-0.3714880644220210	-0.4999999910845088	-0.1367220460614522
 945	-0.9819692685810417	-0.4999999911127820	-0.9917675134168579
 946	-0.6896324557899539	-0.4999999911409357	-0.7482158689767336
 947	0.2367492564514017	-0.4999999911689708	-0.3036866586993004
 948	0.9454647941364737	-0.4999999911968875	0.3307352409153896
 949	0.7849243603267638	-0.4999999912246869	0.9882506177059912
 950	-0.0972719105032235	-0.4999999912523692	0.2793736818766821
 951	-0.8900368354089458	-0.4999999912799352	-0.8971349939361075
 952	-0.8645059984548472	-0.4999999913073856	-0.8629693255013737
 953	-0.0441523333950389	-0.4999999913347208	-0.4361305265210563
 954	0.8167947833692505	-0.4999999913619416	0.1179569845528559
 955	0.9267845431459862	-0.4999999913890484	0.8739335689331956
 956	0.1846928680402032	-0.4999999914160420	0.6497910040080379
 957	-0.7272045781869426	-0.4999999914429228	-0.6806424944544752
 958	-0.9705134889047492	-0.4999999914696916	-0.9554848994837800
 959	-0.3215367736757958	-0.4999999914963488	-0.5611605717496539
 960	0.6230593684278799	-0.4999999915228950	-0.0680327598932684
 961	0.9948176005844565	-0.4999999915493309	0.6787326571172203
 962	0.4519451186001038	-0.4999999915756569	0.9018881899190232
 963	-0.5064436211734845	-0.4999999916018738	-0.3476592635570865
 964	-0.9992104312245924	-0.4999999916279819	-0.9995300019989849
 965	-0.5733077789028065	-0.4999999916539819	-0.6838943008377086
 966	0.3796914013979365	-0.4999999916798744	-0.2275750647749296
 967	0.9836040582900275	-0.4999999917056599	0.4515100570649518
 968	0.6831956801127874	-0.4999999917313390	0.9988546962785296
 969	-0.2453396556418455	-0.4999999917569121	0.0586301644253407
 970	-0.9483108434411563	-0.4999999917823799	-0.9616132124219521
 971	-0.7794094151401889	-0.4999999918077430	-0.8035417506096753
 972	0.1060774350099918	-0.4999999918330017	-0.3671703007532572
 973	0.8940371806131416	-0.4999999918581567	0.2280312023240767
 974	0.8600232654242700	-0.4999999918832085	0.9480541359129713
 975	0.0353079262048189	-0.4999999919081576	0.4637054373174882
 976	-0.8218693575364985	-0.4999999919330047	-0.8113253765068190
 977	-0.9234237442034923	-0.4999999919577500	-0.9104619981748669
 978	-0.1759865990365777	-0.4999999919823943	-0.4952462795365725
 979	0.7332518136807830	-0.4999999920069380	0.0272591288088077
 980	0.9683418904640229	-0.4999999920313815	0.7893303061432879
 981	0.3131428988920673	-0.4999999920557255	0.7859775551902775
 982	-0.6299582297887875	-0.4999999920799705	-0.5373357524030159
 983	-0.9938786672030538	-0.4999999921041169	-0.9841220031546832
 984	-0.4440316414971394	-0.4999999921281653	-0.6188525484043675
 985	0.5140560276444147	-0.4999999921521161	-0.1458033089628525
 986	0.9995229556605263	-0.4999999921759699	0.5736390108421885
 987	0.5660330877786267	-0.4999999921997270	0.9671847645722984
 988	-0.3878649906116159	-0.4999999922233881	-0.1623215360883536
 989	-0.9851617853645876	-0.4999999922469535	-0.9940539518948150
 990	-0.6767053779597042	-0.4999999922704239	-0.7407119867722254
 991	0.2539108331545893	-0.4999999922937996	-0.2949828999251113
 992	0.9510825952363544	-0.4999999923170812	0.3447538086195049
 993	0.7738334053999244	-0.4999999923402690	0.9915365661957738
 994	-0.1148746486456061	-0.4999999923633637	0.2538296548752761
 995	-0.8979674804979512	-0.4999999923863656	-0.9064957026550405
 996	-0.8554731519696874	-0.4999999924092752	-0.8562319665389017
 997	-0.0264607527370641	-0.4999999924320930	-0.4281432031130693
 998	0.8268795405320025	-0.4999999924548194	0.1305192791831572
 999	0.9199905975863218	-0.4999999924774550	0.8839937473813879
1000	0.1672665419737925	-0.4999999925000000	0.6294874860429678
1001	-0.7392416009402618	-0.4999999925224551	-0.6978280164455839
