0.24921843298511426
0.6847593810365251
0.2832031319579936
0.4377475600253195
-0.2760221783681008
0.3065050924636239
0.17101464901961957
0.7431337165511283
0.030999675591389594
0.7211535486896523
0.4193118610015434
0.058222483845179085
0.09422031851781955
-0.2036623015704744
0.369879680782373
0.16624974183172816
0.41554119537375206
0.008202382553777116
0.10695432201165295
-0.2964964295537853
0.04457659620867946
-0.12977649754766246
0.06043194098430009
0.2549161569724767
-0.46102545674786116
-0.2788939754322336
0.22311512161344377
-0.07173062470580943
0.026417482109070328
0.29811625712175105
0.30252719306071335
0.21593327829628473
0.32518820636605994
-0.4807073910984935
0.43540561987650883
-0.18130410390391244
0.07317504341910339
0.14720180334715105
0.06199830492700224
-0.3030465799162042
-0.23840368430708586
0.4477345718591329
-0.06012019137915767
0.5204948512609813
0.14894314431062003
0.20736026195418555
0.09401053822513014
0.12505802995419163
-0.10208694146496497
-0.29771606177817
0.3131354217188126
-0.22721719946642008
-0.064176215395189
-0.07911677830364178
0.5263731459638847
0.046305782697490486
0.8935949493749882
0.053305720324337336
0.19478441876243674
0.8342801181109489
0.5513550471108413
0.4580301354662681
-0.06734047390930609
0.5831998438502424
0.07930855757789437
0.03573228066640188
0.29572888688886445
-0.12404086646543502
0.06490979778645488
0.19608007896491408
0.3452500792741864
0.2000316283619613
-0.5444543473653766
-0.1518970966994945
0.14566551905610722
0.1327997486532655
0.39157905947898036
0.45368687697490195
0.0033643764892426486
0.15992531042722097
-0.06614304872135196
-0.049471974554235326
0.34246373840508076
0.23087657851014554
0.389244770185426
0.3733363205343003
0.2809509991969239
0.7257945115233029
0.4284936395143014
0.8693623987053621
0.34164170276789274
0.13640212888085285
0.7183328759617097
-0.09044088459279129
0.13774202064600816
0.3688039859410024
0.3896510077327813
0.5703586176609786
0.10579745695555658
0.34878016061103545
0.6287726577339755
0.18757685816938327
-0.28207996830358933
0.1252119223335279
-0.041010077167381975
0.26958057313238454
0.37198931808959945
0.42541138157465025
0.44255907689210805
0.8011767570572641
0.1896327639331069
0.06871907415536987
1.0050390033815813
0.05659757458106729
0.8706320814755548
0.0054104556702435636
0.2005425131732592
0.5720508674614907
1.017441610839867
-0.07494491773154821
0.48376257854807264
0.18805594997878866
0.1821184490059473
-0.2227541125515824
0.3528571472511915
0.2539624065613186
0.5424553329251902
0.23063680050892654
-0.09567569222713054
0.597206726251529
-0.49137215081306274
0.3168935540121377
0.3118944609838223
0.13027606745191286
-0.2340070429501443
-0.320798476957843
0.2288160715400143
0.5724220560572233
0.5298251685226667
0.28706822030842555
0.12751318943130338
0.736124966324607
0.040557611250703285
0.2322626588688873
-0.13204199181027731
0.09105620431598349
0.3241508544463826
-0.026552468588206757
-0.44200746653428924
0.4810246574644864
0.6024406119783821
0.1588805064386937
0.5049124317084965
-0.2616695872966306
0.18685089963372176
-0.12133231552123402
0.547072797739744
0.17089961063381215
0.9226956881500277
0.07581245524635388
0.5362680958806898
0.5538709412436602
0.549556453354481
0.2355827108064245
0.2819144815545222
-0.05715459816459795
0.7193360351318498
0.4200496468212812
0.0770284284600064
0.44159534137069634
-0.1799253844535733
0.44763205497720676
0.86518175390138
0.2676274271952012
0.49850586307160966
0.05204059136940786
0.4757416750670618
0.2534192677492579
0.5102968696805269
0.23796644959084207
0.16727210988577298
0.6708073320372172
0.5530912436875264
0.0881350285994254
0.0866646032173986
1.042502126255267
-0.24082847854732609
0.02782321170914237
-0.07051700947403344
0.48044876934610925
0.2618740270802793
0.02283436124931104
0.7500910936019382
0.04409055108652843
0.009166127292736193
0.128036559787258
0.13015491580815983
-0.01662821875955678
0.30655217429975
0.41567672813683937
-0.08827938090082421
0.8401717747154955
0.7414555489285848
0.4847477604987277
0.7475360378889138
0.7627400865976357
-0.06992901558402548
-0.09132217666631315
0.20125364325460673
0.19885595496077477
0.1258841667567845
0.4253781867148698
0.15594151768772263
0.4091859637315705
1.0928075557484749
0.5969574312411996
0.7230727301772051
1.0174827466617717
0.4832743488037182
0.39438867343438255
0.9897676630581096
0.5409376867388611
0.44492522978605314
0.8502923753633407
0.7271284838480254
0.28235469676383984
0.4757792780704351
0.05145256454502661
0.6084616355040926
0.3822896117606467
0.39802307042056007
0.10872834018674965
0.2516463818210356
0.6288266320871783
0.45523506461194113
0.7774478670158564
0.9478256220143824
0.2962314081585452
0.3388732805614367
0.6127914859064635
0.38011995951117517
0.5808945039196776
0.03687111645575042
0.4895193299366127
0.18673989735051966
0.256612532217085
0.6447968803885396
0.9223474026400369
0.10657119344373722
0.4301670498176844
0.7484170930055095
0.6923676437748177
0.6544180303804417
0.4169268186052758
0.6303206401469461
-0.36258167500667027
0.0020070549544032867
0.200026592865979
0.8780526474970716
0.41097728130064787
0.5720192157478601
-0.2864724526332397
0.3803597773723319
0.9064143409906273
0.5237076123761911
0.3345871650249142
0.5104837403680063
0.6817284705235767
0.8899104742826962
0.04898420948660548
0.5282027380549721
0.34209185681454646
0.14848745685120612
0.5573628129147589
1.1659475545304425
0.2945392888856835
0.977567892562321
0.3938584315053725
0.988611320419124
0.8083896529014898
0.500230219715142
0.8014290086728493
0.4012602967885049
0.3319669046201269
0.8049268923763022
1.0238112266011612
0.8766870658885395
0.6756180735284187
0.9972145609957609
0.5899942105320153
1.0551449341997556
0.7475618639777362
0.705495625450812
0.7066051213007655
0.2535666999009033
0.47480708013262707
1.3382490684369377
0.7783874108272333
0.17700618727301354
-0.06361698998035659
1.1032018190871566
0.7822631117625105
0.5312228830366508
0.355895692048377
0.22957662472262452
1.055671848407668
0.8164822753177139
0.4167468451586294
0.18287880731334233
0.9484043200123744
0.9693936952017708
0.42998404159198345
0.9870099849719851
0.6181460454924474
0.8948631290678875
1.4840089290289356
0.6014802458080898
0.3942687091894749
0.4309178106952306
0.27806452189904235
0.9330606826699224
0.5831239301217714
0.2993585469433312
0.728382702447801
1.055557845545767
0.6301548164217586
0.7407721811496668
0.8803474786470615
0.7818447460969986
0.4167870279343857
0.26409428735723645
1.053807686682731
0.5868513135499734
0.5485780913152691
0.7288799584233986
0.7877033758949837
0.21424966306096604
0.7645466936532367
0.7220653656603137
0.5474061387137712
0.8202463303618696
0.6083839709850953
0.8868250557337947
0.8783549366789715
0.8669163961857258
0.4501179311865152
0.36922512573145644
0.6321469462570177
0.6785737761076386
0.620131526754045
0.8970087923482026
0.4830606025604224
0.6018946875434346
0.43844796024294896
0.7906823190390903
1.14771540219449
1.4000110000638422
1.0531888821356739
0.7298412204875601
0.36488429432059993
1.175881059932526
0.4841507287289905
0.7520430963558739
0.8330889359836612
0.7596203798940802
1.0669852001889453
0.3931464597058636
0.7788667629537164
0.8693654706643051
0.7978803671412239
0.7446577423017823
0.5785370585638697
1.0050961872913609
0.9303374360934182
0.6279179721006135
0.8781167482765905
0.925619665352672
1.0441885563461697
0.7768549341054661
1.0362907547102909
0.30167319812198595
0.8472155952141031
0.41973315846273707
0.6033323134696712
0.917581370411928
0.8307683952251714
0.7276883285340144
0.37009166050639036
0.5407934810237857
0.9157956620655737
1.0277764710098407
0.6645473509101886
0.5227618348942533
1.3312374114188903
0.7228972919268605
0.7437572198608
0.7926256544125542
1.394798098559474
0.3607137560809091
0.36933608740101476
0.4508048939363142
0.82219196249276
0.6479163510485867
1.090250534737545
0.48000841874986844
1.1191100489471986
0.75999201977395
0.9221259827322045
0.9305056654172642
0.7140807061772638
0.7464655552450956
0.3278209581064724
1.4702358268505988
0.8019703212471523
0.7269240613860273
0.7883351704213729
0.9506829890118391
0.9351143054231376
0.7903428823117103
0.7865681019068724
1.1147946577027188
1.299658181424884
1.0048571142999723
0.5638379202165313
0.6057624597039752
1.6083312069309912
0.8354514307721442
1.1851681093283744
1.374010329049551
0.8475195706024228
0.7289932183298513
0.8476612270706105
0.976341597586804
0.7900205266402014
1.2457171175961135
0.7021745767371583
0.8764503594739825
0.8134092741281425
0.98949528886425
0.820727419598722
0.8204644145503551
1.1058432875575035
1.1407672671133224
0.8732138495209515
0.6788893872725393
0.8526581024688984
0.6483433955525719
1.3213202569355367
1.1228800988913963
0.8789406008508936
0.9624641747147807
0.8404056581568204
1.5799086196353072
0.6912840735677508
0.8208213024500464
0.9724892241698644
0.5583303245017364
1.3582449459758084
1.0344681378878426
1.551682636752099
1.0305894979486607
0.8012474331984806
0.5910780475342317
0.643394095808864
1.1517555396280699
1.5341406153664714
0.48663492156330185
1.0066981409447961
0.9203699476919153
1.0673694524029624
1.4891163644520424
1.0504640052056775
1.182061097925416
0.5516269735231834
1.149574115234711
0.948283760849104
0.9628918546584547
0.9505884668050303
1.0803965344475541
1.4113681796260051
1.4531654686903261
1.339525438434123
1.341496509622062
0.8450993448916008
0.46620444038364284
0.8810146773807354
0.8026851765902718
0.9434930326864153
0.9082576475453951
0.8743584026697212
1.0107354975801561
0.8510263874704276
1.0817130388034313
1.0277578041886768
1.0277909172235626
0.8369510485286029
1.4139867755972373
0.713259242703034
0.9908829848056209
0.87568639001637
1.027601230441552
1.1287296535056226
1.2118757712705939
1.059850659288721
1.4033068566474889
0.9729575762823315
0.4913296644459767
0.5629076619042107
0.8019174040535694
0.9501682481110645
1.0229885822979852
1.1565277513255419
0.8494721738963796
1.126310839984041
0.431500307315708
0.801139248723223
1.4234087074044266
0.8700157382445171
0.9339227944432593
1.6442230385991194
0.8693625395095337
1.058943697681339
1.165096459641994
1.0938195022146173
1.130316100283363
0.7378500178451055
1.101859246360523
1.0879826052199693
0.7100422020772752
0.8371123041085002
0.8117086548083425
0.7858599992362247
0.7724326641145761
0.6434389101698199
1.1729744005016525
1.068080226952907
1.8658887716746562
1.605628701427365
1.2757573465912646
1.1503356060413028
1.1588197904846884
1.5923630839184362
1.3601676674001555
1.0231199088697427
1.1507999707775154
1.674572035836801
0.9848688492983684
0.6964959057034728
1.2074415291595924
0.7622828866165936
1.0105068878708166
0.9776655524079295
1.7481249452564602
0.8337365809997712
0.8533905980903254
1.5539026190834841
0.8465679742538524
1.1897819382204733
0.3062806189433602
1.1874069356159038
1.3176848566560597
1.4013176767920597
0.979067370868252
1.421894645531879
0.6003743437557705
1.1753951045048276
0.6847594964534991
0.8201342130731561
1.4512445727635606
1.5461121244931542
1.4094096236929579
1.0325749522977716
0.8192975794164841
0.8150075836885979
1.0322709538527954
0.8274753233346583
0.9135975654599454
0.9655292272879358
1.1751288574487253
0.5493027758780683
1.2827771773072563
1.1185639069724318
1.463977813962577
0.5618845600921294
1.039775723324113
1.23832294479555
1.0797249496553
1.2962540784404073
0.5475385014559041
1.423030068331122
0.9428072920378492
0.3483125690702893
1.2079511133681393
1.0782889440729746
1.0696744052318408
1.2066642687275086
1.080093677271686
0.7937274126960754
1.9910481077741409
1.0504241728436312
1.2440976138239306
1.3584886427596565
1.2741127504840715
1.0795542356006844
1.169525194812685
0.8325614719282419
0.9974982073405395
1.4029648554270269
1.2504091291289365
1.4061606133735547
1.3040288099962516
1.7182835699228525
1.231262941552206
0.8641714227512556
0.9873840498104731
1.0730463897492861
1.3191784221206868
1.1836023731056058
1.4205114064600095
1.3230661115977327
1.763197079398738
0.8148712448749693
1.3735140055071837
1.2478086604940262
1.2545069685626928
1.6269981578749255
0.7649475836922649
1.1923612740760468
1.2186894253231422
0.8978173062267926
1.2021502107907487
1.1966997343717145
0.8237164352951583
1.12325127848353
0.46010679666913634
1.2814019288029534
1.3112308737314666
1.0648692600212413
1.088710597852755
1.189470052977856
1.1532567247127024
1.5259722212473288
0.6535835275176489
1.6233891480838227
1.0148421696454801
1.174427114121408
1.2860528148263106
0.5359223730136312
0.8774490352319604
1.2520066639821246
1.0332638438041997
1.4029570505469229
1.200845928113658
1.4440552032226037
1.120577690751485
1.1971073504024374
1.4969917866568152
1.0373837852313719
0.904368894498022
0.7311693311811629
1.2608283542310414
1.5203139456320893
1.1438988198035571
1.200737781162726
0.8310326753046573
1.1699403272023323
1.336388267757628
0.699970597442169
1.1926720173397358
1.3115325525388841
0.8166262985190748
0.9703196934547944
1.4956595860072457
1.6367622308444822
1.022822121029266
0.5374767707875746
0.6380670642370956
1.1794779008394212
0.7912599230144282
1.308240690426736
1.4152779085124836
1.376342892965593
1.0723218435838315
0.8317763919751867
1.5408843688021812
1.5578223812552567
0.8950976531599919
1.9737484063932542
0.9728108122408359
1.1476561862188315
1.2599248574131583
1.1151142655101245
2.0692826613128448
0.8165631699831057
1.0699173021976756
1.3250411401567939
1.0408058042601416
1.196649699725971
0.5555311833971163
0.9340156651395173
1.09579052642705
1.053297004692572
1.3614133466198064
1.5431851318354681
1.063758102981412
1.021872138800317
1.4248269381111769
1.8108956249417065
1.4941913109155665
0.49533127478844075
1.0525480161937806
1.1307532312820916
1.2549017114111376
0.8248725623773675
0.12827378523973088
0.9488221945820005
1.0893896825532134
1.2296002340075556
1.7997971100270935
1.1239381291543622
1.1838757522401802
1.5630436985554583
0.8077304614301086
1.1810222452469337
1.4500921079356748
0.6169475305912682
1.269379056303522
1.3872545033279515
1.556830812225182
1.2278562560144608
0.9922411828178838
1.2546949268747547
0.636826494424334
0.9093263067782611
1.1273657803371913
0.9422122549027321
1.3242976377136124
1.3395150019905187
1.0864913199811392
1.1529387093297792
0.87024835148376
0.569554244064794
1.288461338668353
1.1792633925740945
1.0701265676707377
1.2979917140760648
1.1564983894769099
1.4197443483851528
0.818627334742871
1.4572103191627557
1.2809921451880188
1.0149015097787335
1.1118246804330547
1.0768263366374091
1.4381745966312562
0.7991653852316756
1.70809967489851
1.4005084447648992
1.2309186511789103
1.1804468769805856
1.6520675509987313
1.0712703879846606
0.8019066967997729
1.3840457088162452
1.2353072199140591
1.5126475737335872
1.4248203130460089
0.9469624181004748
1.1253330937582995
1.677268115061632
1.0355539440774788
1.030857343477724
1.0209344289347626
1.640352700438518
0.6478855478099407
1.6709373132084175
1.3065308581397492
1.6852502245369618
1.1572388851255049
1.047340916979104
1.4838948920849826
1.3501492356801343
1.4268892470206127
1.4162619437436774
1.6542245088922143
0.8492126098651989
0.7334133601039536
1.3902746508932815
1.519646977619713
1.4103671903369228
1.5025072305537024
1.2694066070384682
0.6253120729261226
1.4916890358238777
1.551491314173541
1.4983795721194122
1.6343135684592833
0.8307705348250178
1.407079432921022
1.1591997465786406
1.0395931707391568
1.2297420907551928
1.4072708611754183
1.1785682768580157
1.138934081649133
0.7603013846571924
1.1443202482631676
1.4604152922157443
1.2224631939725117
0.9023255679964914
1.5654537825491297
1.0138011469076078
1.226280761434547
0.8784130155833938
1.2954164825718613
1.1709352583978831
1.2186785214800788
0.9725728235269361
0.8877177273132251
1.4250936648886479
1.2682386360233455
1.0984157614457584
1.4583867975614262
1.0015000631479485
0.9550916683356175
1.1806861223751277
1.3428343143479984
1.0031574532850613
1.7245768277586686
0.9763937299975429
1.0288780880403947
1.2499512600249347
0.8331903967672585
1.6230718430805868
0.9153198686582842
1.1112247241977462
1.1225369616332201
1.3557983304378838
1.0863421001435525
0.7533604414473913
1.0450417131854823
1.48763347889319
0.8818055028230054
1.2271078506726623
1.3672901770829715
1.2768980400645868
1.2384857912220448
1.8528164119822639
1.1084075926392256
1.0780483202001399
1.429733816664587
0.8796268030577182
1.261098220396935
1.071290585461335
1.4402793915428838
1.462394854689956
1.518942514588386
1.336361868708786
1.6148654479876976
1.083560712281513
0.9665049889100685
1.3320249929774004
1.1363298760048033
0.8290172598433565
1.6662310265879863
1.510938629477093
0.9652135760162415
1.1841956555567288
1.1006957288308006
1.4664794917495356
1.6047138109523895
1.524964360806635
0.8375791657662973
0.7308048204283755
1.6713744901315228
1.1529337184682675
0.6809847604173408
1.410965027719413
1.56569815735169
1.1724915574004768
1.2385604543700044
1.2184482332846223
0.9469752243212475
1.2898550679775356
1.5018275531440142
1.3954047691474212
1.5169143761360915
0.8869411711811301
1.418332103137586
1.0296350269402428
1.1951984754374096
1.3668773204671627
1.6562410589681107
1.9294643306499566
1.2023223079185237
0.9949567634658192
1.3397564101440422
1.4073445639340862
0.9458238571706428
1.3325571933129599
1.2322915116388982
1.2933680655494446
1.3337300775361678
1.2992383283464932
1.1555925612191495
1.2557015062220922
1.8189089881605431
1.1305176250272333
0.910480099669055
1.1022515942297557
0.26941631621293183
0.898353369149025
1.2256258754999714
1.2926954098620786
1.3811830270917416
1.274554691684828
1.5047786781710797
1.4187896722356717
0.9785321838708195
1.027779432035802
1.0598605719200578
0.8559145667430321
1.1277801497110793
1.1369472679370627
1.055171466976166
1.2216963860015966
0.6616656352528083
0.9677737240359243
1.5200285613307745
1.2363876796418498
0.9147159334586005
0.8446283037525792
1.3209091000001474
1.66697511095307
1.4134627286911274
0.6237114373557072
1.4311039622703294
0.8165863320393119
1.1673818468233506
0.6357841706482451
1.0434293890500472
0.9834720908440112
1.3096559768229545
0.7740816630442426
0.9960198560701147
1.4999507280164943
1.3607753167672587
1.298734667797955
1.3299225626702758
0.8010926846628972
1.0322532909931446
1.3748943712725015
1.557272709354821
1.419406049086019
1.0331685616098027
1.1933510047936826
1.4547157398578014
1.3487016221187773
1.1772209441876789
1.575218810243269
1.6344537357449838
1.6489133194015153
1.0448022814355862
1.0858867286344016
1.7591872870770104
1.2721561682286227
0.77569983280866
1.8016444035372925
1.2838854635946229
0.7776502266829423
1.7971857923776304
1.0940511188545603
1.5078564803398362
1.4389739709288922
1.8293542036557369
0.7146407719170026
1.05484594197913
1.564020837119358
1.3283058535172574
1.4002210464794462
1.5098030880295403
1.1487993953223932
0.6587673835028568
1.2937521553588955
1.3746654495177943
1.4500137146409466
1.2755759798147173
0.9250848185061633
2.016847182915287
1.1477420208612972
1.3769543308291987
1.3197495162361612
1.63266957398356
0.6502854594082144
1.1668548593549326
1.684922216511226
1.4331691722097815
1.1102096490086035
1.183967225805899
1.6000613211696357
0.686754230805507
0.8950536987393913
0.870219413028642
0.7804666390327075
0.716426856591255
0.8433260105419197
1.3883091677821056
1.7522356102349803
1.3294685317602646
1.6311694422613976
1.473889737387929
1.5890156669781172
1.0301556888966235
1.4018025248242472
1.389847610190747
1.5233058971115758
1.8474012025181068
1.5575219257882909
1.3154339386262521
1.6467461052133743
1.7807197344576153
1.3929179077206972
2.088659780147421
1.2956489005944631
1.3357408928228496
1.8767351433437898
1.9710242433720737
1.8484047213372616
1.4354181614811239
1.2444455165490682
0.8569355987630167
1.0464869748006445
1.4519044839182431
1.3343199301757631
1.6047938691642891
1.4313957934924486
1.7388768797860588
1.6859043666113709
1.2918049465349153
1.710189429790547
1.5411336144005525
1.6641946487556012
1.602697683282738
1.7080576601569124
1.0321111061718804
1.4327851323435272
1.63100291556312
1.5571533444789722
1.4925444322358696
1.515331215773557
0.8616105723233659
1.5266052700793327
1.290754004086125
1.8746136478238054
1.4062290935327229
1.5668758693482767
1.6938119727372731
1.6370820050590846
1.8559992659753908
1.6136706152242846
1.8208788899542896
1.8364020599734676
1.649593968838926
1.9942133323315714
1.720915255897889
1.6001650177496
1.7413824258570634
1.7259504021849752
1.8122520545520426
2.3048665606564054
1.8489373206517425
1.8357795239744568
1.8044205967190559
1.6049327216206344
1.482012172321623
1.8678414449769036
1.6430529987269589
1.9810398902427278
2.024426180345964
1.7567956719961257
1.3450281147453644
1.506137530686406
1.5805531296351867
1.7921708548128428
1.5521756154320498
1.7633827727008209
1.6526566914918608
1.719693293223102
1.8674814334679626
1.4450627075155962
2.259204440665706
2.328696753724926
2.194596966435904
2.1273952124267477
1.9352812752522408
1.5611527003324221
1.713802922794784
2.1062049080105227
1.7204042984604944
2.174192920059129
2.0919055043116273
2.396776053991482
1.687036183763302
1.5960677292396865
1.9408566848998934
2.3818973970589568
1.2979107825142553
1.9228033585950146
2.0530637515943555
1.5159787188285208
2.1173232141518445
2.219815966204477
1.8195578587439567
2.0517177627203758
1.538413992530268
1.995814709536738
2.0210140077740797
2.112983381524768
2.0260572863206114
2.0997174671630963
2.122398449565995
2.0672028982528903
1.7615574550279336
2.1328903243487143
1.5191691706898145
1.9756011310949846
2.8142962726081358
2.198540142257017
1.8424214868713444
2.1060379614835374
2.36018883717882
1.97386937697016
2.3559016292250483
2.1403096198535216
1.8241595390575882
2.345201675304347
2.2645079897719973
2.104629129100784
2.719870631523591
2.510578709292436
2.1232613568673777
2.666420906531656
2.3940694092655903
2.856829997507192
2.148978142158117
1.8346365897530381
1.5848685337245518
2.9347282254106024
2.3389587928572886
2.326236020366313
2.4604126408099782
2.1390955211885854
2.236020772502608
2.0879880646725026
2.4119504970045
2.38886693442926
2.6011197336979435
2.29343065606389
2.8140605259088303
1.9064264313207624
2.696062922304445
2.3422354162417665
2.2092496386248963
2.6911538880230768
2.1718086932976135
1.9840970946737515
2.087863336341825
2.7829949895122543
2.2766581727986415
2.5418566653791204
2.2889058382341037
2.4986773842697847
2.7350801961998292
2.4699417027837707
2.6011381933075115
2.147327436688696
2.8255598123451486
2.3425085485176447
2.357914870978742
2.4803691425834815
2.5724008599640307
2.2794723435855277
2.1585961088739976
2.4754582496898108
2.6905027905313164
2.457965595398309
1.9999792248453052
2.526084742384525
2.2421669682680236
2.5314787993715835
2.080624505090154
2.232690218618511
2.6162528447531956
2.479070746157886
2.1010304694802526
2.247192824110755
3.026125431818862
2.7871646218617534
2.65546959995496
1.732550634399209
2.3836425734989515
2.03088935535746
2.487459039819202
2.537596108659318
2.6072085256073296
2.5086835140008894
2.088606884240213
3.006717474635865
2.0567767641244594
2.124210024297833
2.835149861902132
2.22258884104434
2.3116813407958743
2.384448381472304
2.7356529836041963
2.63496018480802
2.462957140980252
2.310400158748285
1.7236643219813734
2.1333761979402643
2.426249220123241
2.403980272031259
2.6232147298931316
2.7153522532368175
2.5641636878619902
2.2951391242843684
2.3806215316188277
2.2877015313315567
2.3720891146081837
2.6730475786589505
3.018286801130157
2.3174931102232823
2.519431350948819
2.1809339201530804
2.9469516116030947
2.345023224784303
3.1489080139081076
3.203888766297643
2.3925208512009313
2.9252779026760125
2.5968709080713306
1.9983116989969152
2.812772696786504
2.3263793877874446
2.2675413739449195
2.2882212481944886
2.1225271789870086
2.2499998688348612
1.7431413139876037
2.586005806391814
2.403674419261772
2.4161137664663
2.49624326106909
2.463567272420836
2.2432521497379927
2.427910830347623
1.9304652283120254
2.562294957934368
2.1992502670369856
2.2857209937321596
2.673968110309809
2.5878415060050384
2.3054101420224544
2.7142874984367684
2.881057172432177
2.1776612000305984
3.3349156540133995
2.577068760882252
2.921473814255974
2.7219189937013413
2.5966051712122242
1.8288066847731586
2.435249599735139
2.31060901759534
2.1023249608080365
2.51465852257185
2.421629719844756
1.9392589423993876
2.739188058346102
2.1027290484440333
2.958121782656518
2.624386115905852
2.779342505888922
2.2247746217191127
2.703722576728862
2.6117386292048423
2.951094235482929
2.1040759459240452
2.4153283352488675
2.3977095582542796
2.7512004816023836
1.9932481876245993
2.6449649703659515
2.7131964038210405
2.514947520188196
2.2110421461941634
1.6960834303940753
2.75725864671169
2.3372005126921773
2.5051173349671036
2.2968333027529217
2.9672577486138443
2.512775684854172
2.324853402775725
2.5844416683023366
2.6894865092112985
2.9555309469927185
2.6376237860114404
2.507121511801891
2.908997706781588
2.421661350115548
2.4278661568021764
2.620008700548798
2.809203167434236
3.015434075463416
2.5171933892880647
2.165405693266788
2.42600797125833
2.028746859687651
2.4769025450227478
2.6432184830263683
2.4901335625433587
2.4149515210653103
2.542908253641261
2.3998608264170884
2.6137348528971094
2.524961238235875
2.9710121348307514
2.6944324435088194
2.5388259116316285
2.4440247230437375
2.674214237991406
2.2841171567013374
2.87242347917935
2.3851662544854477
2.1986120476835582
2.4156133990636035
2.9972318236486526
2.347561236820867
2.599026952569812
2.8001412773080983
2.7309097088201706
2.803279750701879
2.2065469227242054
2.881137543221985
2.565631014851208
2.5546730402742734
2.7927600878553074
2.322307400214616
2.0947540681267296
2.507202678525823
2.606304615975384
2.3769494175337886
2.3152218396499675
2.3315871641126886
2.819036453614821
3.1057287645187266
2.73492699703478
2.5240152859740723
2.8967178104898013
2.1279173957751363
2.2107544680359963
2.5168195451975004
2.365393346856273
2.841071684854628
2.5434703817751467
2.1455665996728226
2.661383679509318
2.448498332177646
2.9333612205368373
2.3919123191832106
2.761160122419221
2.6988199379315536
2.7603072047327
2.799668702073757
2.0782654190195915
2.6837632638163256
2.8028298042734607
2.401537725961382
1.9620399421450965
2.234584851215122
2.475854437120634
2.269891306549684
3.032531834098565
2.7432140176757702
2.4773286420451424
2.9082151698896963
2.614139358592428
3.082717824185424
2.773689309590332
2.462861987902146
2.8279348412420746
2.3864020390214864
2.914367232050472
2.883602910739735
2.173197751310165
2.542670811834618
2.470990766059506
2.137892195365234
3.0225515025267273
2.5603266039248256
2.611151206170805
2.3782984653867523
2.582188856657159
2.4853814403240184
2.9740694530146383
2.6994590390514617
2.48665417734172
2.809348499890388
2.5243627803963475
2.5866657103105344
2.5953348682577917
2.52592516667964
2.83597525902492
2.661630289824574
2.963088362738935
2.5733495014433987
2.8278776944590107
2.5597934460779523
2.5388467612702867
2.320264762473399
2.455684202013671
2.629309030237752
2.352116004118042
2.403920777183408
2.6877091579597407
2.7138452421090005
2.2034919698386464
2.4736464206430298
3.165011122313367
3.3062028665939796
2.361604981768544
2.388173534348412
3.042270935047513
2.856967944074883
2.5317331890118377
3.1622630009395074
2.0182751395086687
2.85519388097803
2.4211942901054018
2.0537901171390036
2.803951446320696
2.1414365018181796
2.6734429544488023
2.560829415108471
3.1084693720890213
2.994928436541972
2.564898250018938
2.5076832645733083
2.5701421233434876
3.697665003104812
1.9783388891314517
1.8103063510454573
2.6632836544520853
2.7960572489566595
2.686618635619711
2.7073866300730627
2.84727218028237
2.3346699714527026
2.7986894989947912
2.691249265673801
2.4215222517402326
2.3829146533305976
2.829339172083803
3.2463231622641366
2.71539002737197
2.6034453888409685
2.58633178003556
2.0970036065724296
2.8663067189141267
2.334893323603514
2.780323547651799
2.0653739148178265
2.871407124193908
2.4155583357457013
2.7043782625282127
2.8119606671687762
2.9435123264557914
2.7805826424994624
2.4138601486975744
2.497020241165602
2.946561716968317
2.507281997498649
2.556327055271453
2.9307449802247434
2.891964077504019
3.2107662385218796
2.4679936045154367
2.100378605154919
2.609426746154833
2.0781387357420718
2.3893458840057966
2.524279948466592
2.3864382404139857
2.7439143650731257
2.667619980384009
2.5272985769665723
2.35757042329633
2.7080600431210318
2.5635480812399116
2.1633265071247525
2.728214321506733
2.833772655024046
2.5898132804358704
2.475164999232455
2.9838711926795587
2.2488440504110576
2.9897055362775964
2.4374670196315362
2.1656457167201237
2.243656848908864
2.6348946397476105
2.6594658517911687
2.857267556513179
2.0948840843106176
2.1971515038837874
2.8344866771269803
2.4879871353340426
2.682907826870692
2.638870375930122
2.747607266080465
2.8745167706920602
2.2062281417257923
2.649149512926402
2.4302717610382234
2.7800506409634123
2.063158523711654
2.570371773292824
1.9302052604174371
2.573748288604425
2.3091386528141005
3.125248605746865
2.4837377477177855
2.2061733203658997
2.3588704460202132
2.332281753670911
2.4298606801691816
2.5782631186687746
2.69609136952005
2.3047642221716607
2.4267395729612256
2.8798223422677856
2.069823469431367
2.7800845425374723
2.4483953115506965
2.0400421169522813
2.8485721367349663
2.8727881787186176
2.2910807103396866
2.48308500382287
2.365097083543421
2.708076713689628
2.058741602732323
2.668167653971824
2.989149506379413
2.0821342150041584
2.8765141991477523
1.696436315579963
2.5392507758019147
2.4514921738989273
2.6833679026350565
2.4071848196195695
3.2373021505673214
2.566660654355808
2.7728114851562173
2.3733346701403466
3.0395443995862292
2.5745791223927066
2.8051508337828035
2.6899920835195927
2.346157013295876
2.9109313608580254
2.6984953226802273
2.7590436296545415
2.4275237325181465
2.923333395231799
3.116334438493065
2.582109951865162
2.7198666396563778
2.291973598311656
2.736601359284175
2.3251392512342535
2.839819314837864
2.373221366662139
3.0698666155251395
3.1879836441905063
2.625019753364908
2.779436650179483
2.5890257304313433
3.099821297287662
2.84918749420142
2.4099880513471517
2.536537441278041
3.154416982305731
2.4141764324626296
1.6556788559683864
2.6408898113893504
2.7130587719879085
2.247952581086366
2.702969859602354
2.654721619242416
2.6197710951936632
2.790017471037952
2.3544022139490446
2.8692535815807183
3.1893718276818266
2.650790846705709
2.426690040953389
2.444396107523614
2.9188836248212366
2.8613978316753155
2.700965181878616
2.827593022328575
2.39718471042899
2.7813097589535825
2.227183776415965
2.413067851806499
2.29629374532181
3.215316296727387
2.9254781275838035
2.647019726197031
2.5718193739901043
2.2068204229781965
2.5653662452357526
2.5187759554767895
2.466568880698185
2.2819565602131684
2.5638934981139467
2.926874405871953
2.358695396873225
2.374896091960809
2.4370774816485765
2.55874489821705
1.8878887514412015
2.7383560456587706
2.241391951647896
2.6886164403098665
2.715106830410158
2.8677495871934986
2.7503507995968923
2.5352972311529673
2.9812054516804882
2.4404397428408697
2.707536601800433
2.287293924511135
2.835105989005421
2.7024368517755826
2.452665485219112
2.624125761522031
2.219409195686214
2.800866183583091
2.855460382070256
3.0561891598377597
3.0129129890754918
2.552037452595837
2.4404830468139194
2.678874165541047
2.6925119100345007
2.5190999188998537
2.683006358758101
3.2543866491773397
2.955061283771103
2.5032539202971438
2.6810220325575385
3.020519491379589
2.6178303297812215
3.2389652852597193
2.666490089542663
2.602969034472447
2.492548507725082
2.3447902030846235
2.6696186309377534
2.622261051297344
2.596752348799892
1.806356495350742
2.6910595319129866
2.2048534173753027
2.4696021410109226
2.8893986541464076
2.7454978418697484
2.8566308393955286
2.8138218557607533
2.1695103682430856
2.403294164296485
2.8475747899607784
1.9855989336933169
2.47670466988033
2.511058421876154
2.74786402671655
2.662890142690249
2.5915858374147307
2.0611736723325347
2.4416251707093237
2.2962082001355077
2.683704795697817
2.380680450318728
2.1888053057686037
3.0518095332006974
2.624741178926399
2.0680251837085013
2.518453826443331